date,close
12/1/1969,0.796274006
12/2/1969,0.791266024
12/3/1969,0.782501996
12/4/1969,0.800029993
12/5/1969,0.79251802
12/8/1969,0.773738027
12/9/1969,0.78125
12/10/1969,0.800029993
12/11/1969,0.797526002
12/12/1969,0.787509978
12/15/1969,0.778746009
12/16/1969,0.759966016
12/17/1969,0.749949992
12/18/1969,0.753705978
12/19/1969,0.773738027
12/22/1969,0.763722003
12/23/1969,0.767477989
12/24/1969,0.773738027
12/26/1969,0.778746009
12/29/1969,0.76998198
12/30/1969,0.771233976
12/31/1969,0.776242018
1/2/1970,0.767477989
1/5/1970,0.763722003
1/6/1970,0.741186023
1/7/1970,0.744942009
1/8/1970,0.751201987
1/9/1970,0.732421994
1/12/1970,0.731169999
1/13/1970,0.73367399
1/14/1970,0.747446001
1/15/1970,0.748697996
1/16/1970,0.744942009
1/19/1970,0.731169999
1/20/1970,0.73367399
1/21/1970,0.741186023
1/22/1970,0.742438018
1/23/1970,0.731169999
1/26/1970,0.731169999
1/27/1970,0.742438018
1/28/1970,0.742438018
1/29/1970,0.734925985
1/30/1970,0.724910021
2/2/1970,0.732421994
2/3/1970,0.727414012
2/4/1970,0.727414012
2/5/1970,0.69986999
2/6/1970,0.702373981
2/9/1970,0.702373981
2/10/1970,0.691106021
2/11/1970,0.704877973
2/12/1970,0.701121986
2/13/1970,0.689854026
2/16/1970,0.694862008
2/17/1970,0.687349975
2/18/1970,0.696114004
2/19/1970,0.696114004
2/20/1970,0.687349975
2/24/1970,0.689854026
2/25/1970,0.692358017
2/26/1970,0.688601971
2/27/1970,0.706130028
3/2/1970,0.718649983
3/3/1970,0.741186023
3/4/1970,0.746194005
3/5/1970,0.748697996
3/6/1970,0.744942009
3/9/1970,0.738681972
3/10/1970,0.736177981
3/11/1970,0.719901979
3/12/1970,0.714893997
3/13/1970,0.703625977
3/16/1970,0.692358017
3/17/1970,0.703625977
3/18/1970,0.703625977
3/19/1970,0.702373981
3/20/1970,0.69986999
3/23/1970,0.709886014
3/24/1970,0.718649983
3/25/1970,0.739934027
3/26/1970,0.742438018
3/30/1970,0.736177981
3/31/1970,0.738681972
4/1/1970,0.746194005
4/2/1970,0.746194005
4/3/1970,0.743690014
4/6/1970,0.746194005
4/7/1970,0.753705978
4/8/1970,0.752453983
4/9/1970,0.759966016
4/10/1970,0.764973998
4/13/1970,0.762470007
4/14/1970,0.747446001
4/15/1970,0.751201987
4/16/1970,0.753705978
4/17/1970,0.75871402
4/20/1970,0.757462025
4/21/1970,0.761218011
4/22/1970,0.743690014
4/23/1970,0.73367399
4/24/1970,0.726162016
4/27/1970,0.707382023
4/28/1970,0.697365999
4/29/1970,0.714893997
4/30/1970,0.713642001
5/1/1970,0.714893997
5/4/1970,0.691106021
5/5/1970,0.682341993
5/6/1970,0.693610013
5/7/1970,0.702373981
5/8/1970,0.693610013
5/11/1970,0.694862008
5/12/1970,0.68609798
5/13/1970,0.666065991
5/14/1970,0.657302022
5/15/1970,0.667317986
5/18/1970,0.674830019
5/19/1970,0.671073973
5/20/1970,0.643530011
5/21/1970,0.636017978
5/22/1970,0.638522029
5/25/1970,0.618489981
5/26/1970,0.605970025
5/27/1970,0.629758
5/28/1970,0.639774024
5/29/1970,0.664813995
6/1/1970,0.673578024
6/2/1970,0.671073973
6/3/1970,0.682341993
6/4/1970,0.677334011
6/5/1970,0.667317986
6/8/1970,0.674830019
6/9/1970,0.673578024
6/10/1970,0.666065991
6/11/1970,0.662310004
6/12/1970,0.659806013
6/15/1970,0.659806013
6/16/1970,0.676082015
6/17/1970,0.674830019
6/18/1970,0.68609798
6/19/1970,0.698617995
6/22/1970,0.704877973
6/23/1970,0.692358017
6/24/1970,0.689854026
6/25/1970,0.687349975
6/26/1970,0.674830019
6/29/1970,0.674830019
6/30/1970,0.676082015
7/1/1970,0.678586006
7/2/1970,0.68609798
7/6/1970,0.673578024
7/7/1970,0.673578024
7/8/1970,0.679838002
7/9/1970,0.681089997
7/10/1970,0.717397988
7/13/1970,0.72240603
7/14/1970,0.721153975
7/15/1970,0.723658025
7/16/1970,0.751201987
7/17/1970,0.767477989
7/20/1970,0.759966016
7/21/1970,0.742438018
7/22/1970,0.747446001
7/23/1970,0.761218011
7/24/1970,0.767477989
7/27/1970,0.757462025
7/28/1970,0.763722003
7/29/1970,0.772485971
7/30/1970,0.772485971
7/31/1970,0.76998198
8/3/1970,0.751201987
8/4/1970,0.756210029
8/5/1970,0.761218011
8/6/1970,0.754957974
8/7/1970,0.756210029
8/10/1970,0.749949992
8/11/1970,0.744942009
8/12/1970,0.747446001
8/13/1970,0.736177981
8/14/1970,0.738681972
8/17/1970,0.741186023
8/18/1970,0.744942009
8/19/1970,0.753705978
8/20/1970,0.763722003
8/21/1970,0.791266024
8/24/1970,0.796274006
8/25/1970,0.790014029
8/26/1970,0.787509978
8/27/1970,0.787509978
8/28/1970,0.791266024
8/31/1970,0.786257982
9/1/1970,0.782501996
9/2/1970,0.779998004
9/3/1970,0.788761973
9/4/1970,0.787509978
9/8/1970,0.798777997
9/9/1970,0.800029993
9/10/1970,0.801281989
9/11/1970,0.80378598
9/14/1970,0.797526002
9/15/1970,0.793770015
9/16/1970,0.801281989
9/17/1970,0.811298013
9/18/1970,0.810046017
9/21/1970,0.805037975
9/22/1970,0.811298013
9/23/1970,0.816305995
9/24/1970,0.821313977
9/25/1970,0.82882601
9/28/1970,0.841346025
9/29/1970,0.848857999
9/30/1970,0.845102012
10/1/1970,0.843850017
10/2/1970,0.85136199
10/5/1970,0.856369972
10/6/1970,0.85136199
10/7/1970,0.850109994
10/8/1970,0.852613986
10/9/1970,0.845102012
10/12/1970,0.836337984
10/13/1970,0.827574015
10/14/1970,0.833833992
10/15/1970,0.846354008
10/16/1970,0.833833992
10/19/1970,0.831330001
10/20/1970,0.84009397
10/21/1970,0.85136199
10/22/1970,0.852613986
10/23/1970,0.861378014
10/26/1970,0.86263001
10/27/1970,0.855117977
10/28/1970,0.865134001
10/29/1970,0.860126019
10/30/1970,0.861378014
11/2/1970,0.857622027
11/3/1970,0.871393979
11/4/1970,0.880158007
11/5/1970,0.870141983
11/6/1970,0.868889987
11/9/1970,0.871393979
11/10/1970,0.872645974
11/11/1970,0.870141983
11/12/1970,0.857622027
11/13/1970,0.85136199
11/16/1970,0.848857999
11/17/1970,0.85136199
11/18/1970,0.852613986
11/19/1970,0.858874023
11/20/1970,0.863882005
11/23/1970,0.865134001
11/24/1970,0.871393979
11/25/1970,0.875150025
11/27/1970,0.87640202
11/30/1970,0.885165989
12/1/1970,0.87640202
12/2/1970,0.887669981
12/3/1970,0.878906012
12/4/1970,0.87640202
12/7/1970,0.878906012
12/8/1970,0.875150025
12/9/1970,0.886417985
12/10/1970,0.900189996
12/11/1970,0.911458015
12/14/1970,0.91020602
12/15/1970,0.907702029
12/16/1970,0.908954024
12/17/1970,0.913962007
12/18/1970,0.918969989
12/21/1970,0.900189996
12/22/1970,0.911458015
12/23/1970,0.917717993
12/24/1970,0.908954024
12/28/1970,0.901441991
12/29/1970,0.920221984
12/30/1970,0.925230026
12/31/1970,0.940253973
1/4/1971,0.940253973
1/5/1971,0.945262015
1/6/1971,0.936497986
1/7/1971,0.940253973
1/8/1971,0.937749982
1/11/1971,0.939001977
1/12/1971,0.940253973
1/13/1971,0.937749982
1/14/1971,0.94651401
1/15/1971,0.954025984
1/18/1971,0.954025984
1/19/1971,0.960286021
1/20/1971,0.965294003
1/21/1971,1.002854943
1/22/1971,1.039162993
1/25/1971,1.056691051
1/26/1971,1.036659002
1/27/1971,1.002854943
1/28/1971,1.000350952
1/29/1971,0.994090974
2/1/1971,1.049178958
2/2/1971,1.027894974
2/3/1971,1.03165102
2/4/1971,1.036659002
2/5/1971,1.036659002
2/8/1971,1.054187059
2/9/1971,1.041666985
2/10/1971,1.049178958
2/11/1971,1.046674967
2/12/1971,1.067958951
2/16/1971,1.059195042
2/17/1971,1.041666985
2/18/1971,1.044170976
2/19/1971,1.036659002
2/22/1971,1.03165102
2/23/1971,1.037911057
2/24/1971,1.055438995
2/25/1971,1.082983017
2/26/1971,1.082983017
3/1/1971,1.077975035
3/2/1971,1.082983017
3/3/1971,1.085487008
3/4/1971,1.095502973
3/5/1971,1.105519056
3/8/1971,1.104267001
3/9/1971,1.081730962
3/10/1971,1.087990999
3/11/1971,1.079226971
3/12/1971,1.087990999
3/15/1971,1.111778975
3/16/1971,1.106770992
3/17/1971,1.106770992
3/18/1971,1.105519056
3/19/1971,1.109274983
3/22/1971,1.105519056
3/23/1971,1.11303103
3/24/1971,1.108023047
3/25/1971,1.11303103
3/26/1971,1.119290948
3/29/1971,1.121795058
3/30/1971,1.119290948
3/31/1971,1.121795058
4/1/1971,1.124299049
4/2/1971,1.118039012
4/5/1971,1.126803041
4/6/1971,1.163110971
4/7/1971,1.171875
4/8/1971,1.169371009
4/12/1971,1.185647011
4/13/1971,1.186898947
4/14/1971,1.201923013
4/15/1971,1.194411039
4/16/1971,1.19691503
4/19/1971,1.19691503
4/20/1971,1.188151002
4/21/1971,1.205679059
4/22/1971,1.205679059
4/23/1971,1.234475017
4/26/1971,1.213191032
4/27/1971,1.226963043
4/28/1971,1.24198699
4/29/1971,1.239482999
4/30/1971,1.23071897
5/3/1971,1.220703006
5/4/1971,1.216946959
5/5/1971,1.218199015
5/6/1971,1.206930995
5/7/1971,1.210687041
5/10/1971,1.209434986
5/11/1971,1.213191032
5/12/1971,1.204427004
5/13/1971,1.219450951
5/14/1971,1.209434986
5/17/1971,1.169371009
5/18/1971,1.174378991
5/19/1971,1.200670958
5/20/1971,1.218199015
5/21/1971,1.215695024
5/24/1971,1.215695024
5/25/1971,1.206930995
5/26/1971,1.193158984
5/27/1971,1.194411039
5/28/1971,1.200670958
6/1/1971,1.211938977
6/2/1971,1.215695024
6/3/1971,1.223206997
6/4/1971,1.229467034
6/7/1971,1.236979008
6/8/1971,1.194411039
6/9/1971,1.191907048
6/10/1971,1.214442968
6/11/1971,1.229467034
6/14/1971,1.211938977
6/15/1971,1.184394956
6/16/1971,1.206930995
6/17/1971,1.211938977
6/18/1971,1.191907048
6/21/1971,1.164363027
6/22/1971,1.176882982
6/23/1971,1.186898947
6/24/1971,1.171875
6/25/1971,1.174378991
6/28/1971,1.171875
6/29/1971,1.191907048
6/30/1971,1.216946959
7/1/1971,1.219450951
7/2/1971,1.214442968
7/6/1971,1.219450951
7/7/1971,1.221954942
7/8/1971,1.231971025
7/9/1971,1.226963043
7/12/1971,1.221954942
7/13/1971,1.199419022
7/14/1971,1.176882982
7/15/1971,1.171875
7/16/1971,1.129307032
7/19/1971,1.129307032
7/20/1971,1.154346943
7/21/1971,1.139322996
7/22/1971,1.091747046
7/23/1971,1.114282966
7/26/1971,1.096755028
7/27/1971,1.091747046
7/28/1971,1.07672298
7/29/1971,1.064203024
7/30/1971,1.069211006
8/2/1971,1.094251037
8/3/1971,1.081730962
8/4/1971,1.079226971
8/5/1971,1.099259019
8/6/1971,1.111778975
8/9/1971,1.091747046
8/10/1971,1.091747046
8/11/1971,1.116786957
8/12/1971,1.129307032
8/13/1971,1.114282966
8/16/1971,1.181890965
8/17/1971,1.231971025
8/18/1971,1.219450951
8/19/1971,1.219450951
8/20/1971,1.206930995
8/23/1971,1.214442968
8/24/1971,1.229467034
8/25/1971,1.236979008
8/26/1971,1.24198699
8/27/1971,1.246994972
8/30/1971,1.24198699
8/31/1971,1.24198699
9/1/1971,1.244490981
9/2/1971,1.264523029
9/3/1971,1.294571042
9/7/1971,1.289562941
9/8/1971,1.294571042
9/9/1971,1.297075033
9/10/1971,1.307090998
9/13/1971,1.269531012
9/14/1971,1.257011056
9/15/1971,1.262019038
9/16/1971,1.264523029
9/17/1971,1.269531012
9/20/1971,1.254506946
9/21/1971,1.239482999
9/22/1971,1.226963043
9/23/1971,1.244490981
9/24/1971,1.231971025
9/27/1971,1.201923013
9/28/1971,1.201923013
9/29/1971,1.206930995
9/30/1971,1.231971025
10/1/1971,1.24198699
10/4/1971,1.254506946
10/5/1971,1.24198699
10/6/1971,1.277042985
10/7/1971,1.282050967
10/8/1971,1.274538994
10/11/1971,1.252002954
10/12/1971,1.249498963
10/13/1971,1.244490981
10/14/1971,1.234475017
10/15/1971,1.236979008
10/18/1971,1.239482999
10/19/1971,1.236979008
10/20/1971,1.201923013
10/21/1971,1.19691503
10/22/1971,1.171875
10/25/1971,1.184394956
10/26/1971,1.161859035
10/27/1971,1.166867018
10/28/1971,1.166867018
10/29/1971,1.166867018
11/1/1971,1.136819005
11/2/1971,1.14683497
11/3/1971,1.174378991
11/4/1971,1.174378991
11/5/1971,1.161859035
11/8/1971,1.161859035
11/9/1971,1.161859035
11/10/1971,1.144330978
11/11/1971,1.129307032
11/12/1971,1.116786957
11/15/1971,1.106770992
11/16/1971,1.126803041
11/17/1971,1.144330978
11/18/1971,1.139322996
11/19/1971,1.131811023
11/22/1971,1.119290948
11/23/1971,1.124299049
11/24/1971,1.116786957
11/26/1971,1.151842952
11/29/1971,1.181890965
11/30/1971,1.19691503
12/1/1971,1.224459052
12/2/1971,1.206930995
12/3/1971,1.226963043
12/6/1971,1.211938977
12/7/1971,1.214442968
12/8/1971,1.229467034
12/9/1971,1.214442968
12/10/1971,1.219450951
12/13/1971,1.236979008
12/14/1971,1.234475017
12/15/1971,1.254506946
12/16/1971,1.274538994
12/17/1971,1.299579024
12/20/1971,1.332131028
12/21/1971,1.314602971
12/22/1971,1.289562941
12/23/1971,1.292067051
12/27/1971,1.282050967
12/28/1971,1.287058949
12/29/1971,1.274538994
12/30/1971,1.236979008
12/31/1971,1.254506946
1/3/1972,1.262019038
1/4/1972,1.259515047
1/5/1972,1.262019038
1/6/1972,1.277042985
1/7/1972,1.289562941
1/10/1972,1.292067051
1/11/1972,1.292067051
1/12/1972,1.284554958
1/13/1972,1.264523029
1/14/1972,1.259515047
1/17/1972,1.282050967
1/18/1972,1.279546976
1/19/1972,1.282050967
1/20/1972,1.26702702
1/21/1972,1.262019038
1/24/1972,1.239482999
1/25/1972,1.234475017
1/26/1972,1.219450951
1/27/1972,1.249498963
1/28/1972,1.257011056
1/31/1972,1.24198699
2/1/1972,1.239482999
2/2/1972,1.239482999
2/3/1972,1.231971025
2/4/1972,1.226963043
2/7/1972,1.186898947
2/8/1972,1.201923013
2/9/1972,1.214442968
2/10/1972,1.216946959
2/11/1972,1.211938977
2/14/1972,1.201923013
2/15/1972,1.199419022
2/16/1972,1.209434986
2/17/1972,1.211938977
2/18/1972,1.211938977
2/22/1972,1.206930995
2/23/1972,1.189403057
2/24/1972,1.176882982
2/25/1972,1.194411039
2/28/1972,1.209434986
2/29/1972,1.214442968
3/1/1972,1.231971025
3/2/1972,1.234475017
3/3/1972,1.234475017
3/6/1972,1.254506946
3/7/1972,1.272035003
3/8/1972,1.282050967
3/9/1972,1.282050967
3/10/1972,1.26702702
3/13/1972,1.272035003
3/14/1972,1.272035003
3/15/1972,1.274538994
3/16/1972,1.272035003
3/17/1972,1.274538994
3/20/1972,1.277042985
3/21/1972,1.272035003
3/22/1972,1.277042985
3/23/1972,1.292067051
3/24/1972,1.289562941
3/27/1972,1.292067051
3/28/1972,1.292067051
3/29/1972,1.282050967
3/30/1972,1.294571042
4/3/1972,1.299579024
4/4/1972,1.329627037
4/5/1972,1.347154975
4/6/1972,1.402243972
4/7/1972,1.402243972
4/10/1972,1.384716034
4/11/1972,1.372195959
4/12/1972,1.377203941
4/13/1972,1.392228007
4/14/1972,1.399739981
4/17/1972,1.382212043
4/18/1972,1.379708052
4/19/1972,1.377203941
4/20/1972,1.354666948
4/21/1972,1.367187977
4/24/1972,1.362179041
4/25/1972,1.354666948
4/26/1972,1.334635019
4/27/1972,1.334635019
4/28/1972,1.354666948
5/1/1972,1.344650984
5/2/1972,1.332131028
5/3/1972,1.294571042
5/4/1972,1.327123046
5/5/1972,1.332131028
5/8/1972,1.332131028
5/9/1972,1.307090998
5/10/1972,1.314602971
5/11/1972,1.332131028
5/12/1972,1.362179041
5/15/1972,1.35967505
5/16/1972,1.362179041
5/17/1972,1.349658966
5/18/1972,1.372195959
5/19/1972,1.379708052
5/22/1972,1.404747963
5/23/1972,1.402243972
5/24/1972,1.389724016
5/25/1972,1.392228007
5/26/1972,1.394731998
5/30/1972,1.399739981
5/31/1972,1.377203941
6/1/1972,1.389724016
6/2/1972,1.382212043
6/5/1972,1.382212043
6/6/1972,1.387220025
6/7/1972,1.357171059
6/8/1972,1.334635019
6/9/1972,1.314602971
6/12/1972,1.329627037
6/13/1972,1.324619055
6/14/1972,1.324619055
6/15/1972,1.334635019
6/16/1972,1.324619055
6/19/1972,1.322114944
6/20/1972,1.332131028
6/21/1972,1.362179041
6/22/1972,1.362179041
6/23/1972,1.344650984
6/26/1972,1.33713901
6/27/1972,1.332131028
6/28/1972,1.324619055
6/29/1972,1.317106962
6/30/1972,1.317106962
7/3/1972,1.324619055
7/5/1972,1.334635019
7/6/1972,1.33713901
7/7/1972,1.334635019
7/10/1972,1.31209898
7/11/1972,1.314602971
7/12/1972,1.299579024
7/13/1972,1.282050967
7/14/1972,1.297075033
7/17/1972,1.287058949
7/18/1972,1.279546976
7/19/1972,1.262019038
7/20/1972,1.254506946
7/21/1972,1.282050967
7/24/1972,1.302083015
7/25/1972,1.287058949
7/26/1972,1.272035003
7/27/1972,1.262019038
7/28/1972,1.26702702
7/31/1972,1.262019038
8/1/1972,1.262019038
8/2/1972,1.277042985
8/3/1972,1.297075033
8/4/1972,1.31209898
8/7/1972,1.334635019
8/8/1972,1.357171059
8/9/1972,1.377203941
8/10/1972,1.37469995
8/11/1972,1.379708052
8/14/1972,1.387220025
8/15/1972,1.389724016
8/16/1972,1.392228007
8/17/1972,1.342146993
8/18/1972,1.347154975
8/21/1972,1.33713901
8/22/1972,1.339643002
8/23/1972,1.322114944
8/24/1972,1.299579024
8/25/1972,1.309594989
8/28/1972,1.309594989
8/29/1972,1.332131028
8/30/1972,1.33713901
8/31/1972,1.332131028
9/1/1972,1.344650984
9/5/1972,1.33713901
9/6/1972,1.332131028
9/7/1972,1.33713901
9/8/1972,1.33713901
9/11/1972,1.332131028
9/12/1972,1.309594989
9/13/1972,1.302083015
9/14/1972,1.302083015
9/15/1972,1.297075033
9/18/1972,1.304587007
9/19/1972,1.297075033
9/20/1972,1.302083015
9/21/1972,1.302083015
9/22/1972,1.297075033
9/25/1972,1.287058949
9/26/1972,1.277042985
9/27/1972,1.317106962
9/28/1972,1.329627037
9/29/1972,1.329627037
10/2/1972,1.302083015
10/3/1972,1.307090998
10/4/1972,1.309594989
10/5/1972,1.299579024
10/6/1972,1.292067051
10/9/1972,1.294571042
10/10/1972,1.307090998
10/11/1972,1.277042985
10/12/1972,1.26702702
10/13/1972,1.254506946
10/16/1972,1.249498963
10/17/1972,1.246994972
10/18/1972,1.252002954
10/19/1972,1.239482999
10/20/1972,1.284554958
10/23/1972,1.292067051
10/24/1972,1.294571042
10/25/1972,1.287058949
10/26/1972,1.279546976
10/27/1972,1.262019038
10/30/1972,1.262019038
10/31/1972,1.279546976
11/1/1972,1.292067051
11/2/1972,1.307090998
11/3/1972,1.317106962
11/6/1972,1.309594989
11/8/1972,1.317106962
11/9/1972,1.302083015
11/10/1972,1.297075033
11/13/1972,1.292067051
11/14/1972,1.31209898
11/15/1972,1.342146993
11/16/1972,1.354666948
11/17/1972,1.347154975
11/20/1972,1.339643002
11/21/1972,1.344650984
11/22/1972,1.354666948
11/24/1972,1.364683032
11/27/1972,1.354666948
11/28/1972,1.35967505
11/29/1972,1.357171059
11/30/1972,1.35967505
12/1/1972,1.37469995
12/4/1972,1.39723599
12/5/1972,1.39723599
12/6/1972,1.394731998
12/7/1972,1.394731998
12/8/1972,1.394731998
12/11/1972,1.402243972
12/12/1972,1.394731998
12/13/1972,1.392228007
12/14/1972,1.372195959
12/15/1972,1.37469995
12/18/1972,1.367187977
12/19/1972,1.367187977
12/20/1972,1.372195959
12/21/1972,1.369691968
12/22/1972,1.382212043
12/26/1972,1.402243972
12/27/1972,1.417268038
12/29/1972,1.459836006
1/2/1973,1.479868054
1/3/1973,1.489884019
1/4/1973,1.459836006
1/5/1973,1.472355962
1/8/1973,1.479868054
1/9/1973,1.462339997
1/10/1973,1.472355962
1/11/1973,1.474859953
1/12/1973,1.447316051
1/15/1973,1.442307949
1/16/1973,1.452324033
1/17/1973,1.444812059
1/18/1973,1.439803958
1/19/1973,1.429787993
1/22/1973,1.402243972
1/23/1973,1.402243972
1/24/1973,1.372195959
1/26/1973,1.399739981
1/29/1973,1.39723599
1/30/1973,1.392228007
1/31/1973,1.402243972
2/1/1973,1.372195959
2/2/1973,1.377203941
2/5/1973,1.382212043
2/6/1973,1.379708052
2/7/1973,1.342146993
2/8/1973,1.352162957
2/9/1973,1.387220025
2/12/1973,1.39723599
2/13/1973,1.424780011
2/14/1973,1.394731998
2/15/1973,1.399739981
2/16/1973,1.402243972
2/20/1973,1.399739981
2/21/1973,1.372195959
2/22/1973,1.35967505
2/23/1973,1.324619055
2/26/1973,1.329627037
2/27/1973,1.332131028
2/28/1973,1.339643002
3/1/1973,1.327123046
3/2/1973,1.33713901
3/5/1973,1.344650984
3/6/1973,1.357171059
3/7/1973,1.369691968
3/8/1973,1.367187977
3/9/1973,1.372195959
3/12/1973,1.362179041
3/13/1973,1.35967505
3/14/1973,1.362179041
3/15/1973,1.354666948
3/16/1973,1.33713901
3/19/1973,1.307090998
3/20/1973,1.317106962
3/21/1973,1.282050967
3/22/1973,1.274538994
3/23/1973,1.264523029
3/26/1973,1.26702702
3/27/1973,1.284554958
3/28/1973,1.294571042
3/29/1973,1.307090998
3/30/1973,1.292067051
4/2/1973,1.257011056
4/3/1973,1.246994972
4/4/1973,1.219450951
4/5/1973,1.234475017
4/6/1973,1.236979008
4/9/1973,1.262019038
4/10/1973,1.284554958
4/11/1973,1.292067051
4/12/1973,1.287058949
4/13/1973,1.287058949
4/16/1973,1.279546976
4/17/1973,1.279546976
4/18/1973,1.277042985
4/19/1973,1.284554958
4/23/1973,1.277042985
4/24/1973,1.259515047
4/25/1973,1.201923013
4/26/1973,1.219450951
4/27/1973,1.211938977
4/30/1973,1.186898947
5/1/1973,1.199419022
5/2/1973,1.19691503
5/3/1973,1.204427004
5/4/1973,1.24198699
5/7/1973,1.234475017
5/8/1973,1.236979008
5/9/1973,1.239482999
5/10/1973,1.221954942
5/11/1973,1.19691503
5/14/1973,1.166867018
5/15/1973,1.184394956
5/16/1973,1.181890965
5/17/1973,1.156851053
5/18/1973,1.126803041
5/21/1973,1.126803041
5/22/1973,1.134315014
5/23/1973,1.141826987
5/24/1973,1.191907048
5/25/1973,1.199419022
5/29/1973,1.204427004
5/30/1973,1.199419022
5/31/1973,1.191907048
6/1/1973,1.164363027
6/4/1973,1.164363027
6/5/1973,1.194411039
6/6/1973,1.191907048
6/7/1973,1.216946959
6/8/1973,1.219450951
6/11/1973,1.204427004
6/12/1973,1.224459052
6/13/1973,1.201923013
6/14/1973,1.179386973
6/15/1973,1.161859035
6/18/1973,1.14683497
6/19/1973,1.156851053
6/20/1973,1.159355044
6/21/1973,1.144330978
6/22/1973,1.144330978
6/25/1973,1.124299049
6/26/1973,1.139322996
6/27/1973,1.141826987
6/28/1973,1.159355044
6/29/1973,1.149338961
7/2/1973,1.136819005
7/3/1973,1.131811023
7/5/1973,1.131811023
7/6/1973,1.131811023
7/9/1973,1.131811023
7/10/1973,1.139322996
7/11/1973,1.19691503
7/12/1973,1.184394956
7/13/1973,1.161859035
7/16/1973,1.179386973
7/17/1973,1.191907048
7/18/1973,1.221954942
7/19/1973,1.236979008
7/20/1973,1.234475017
7/23/1973,1.254506946
7/24/1973,1.244490981
7/25/1973,1.274538994
7/26/1973,1.274538994
7/27/1973,1.284554958
7/30/1973,1.287058949
7/31/1973,1.257011056
8/1/1973,1.236979008
8/2/1973,1.231971025
8/3/1973,1.24198699
8/6/1973,1.259515047
8/7/1973,1.234475017
8/8/1973,1.204427004
8/9/1973,1.194411039
8/10/1973,1.204427004
8/13/1973,1.199419022
8/14/1973,1.204427004
8/15/1973,1.211938977
8/16/1973,1.206930995
8/17/1973,1.209434986
8/20/1973,1.199419022
8/21/1973,1.186898947
8/22/1973,1.191907048
8/23/1973,1.199419022
8/24/1973,1.174378991
8/27/1973,1.161859035
8/28/1973,1.161859035
8/29/1973,1.164363027
8/30/1973,1.166867018
8/31/1973,1.184394956
9/4/1973,1.191907048
9/5/1973,1.181890965
9/6/1973,1.169371009
9/7/1973,1.164363027
9/10/1973,1.159355044
9/11/1973,1.141826987
9/12/1973,1.134315014
9/13/1973,1.136819005
9/14/1973,1.171875
9/17/1973,1.204427004
9/18/1973,1.186898947
9/19/1973,1.209434986
9/20/1973,1.249498963
9/21/1973,1.272035003
9/24/1973,1.299579024
9/25/1973,1.292067051
9/26/1973,1.294571042
9/27/1973,1.272035003
9/28/1973,1.262019038
10/1/1973,1.257011056
10/2/1973,1.277042985
10/3/1973,1.279546976
10/4/1973,1.287058949
10/5/1973,1.329627037
10/8/1973,1.332131028
10/9/1973,1.35967505
10/10/1973,1.332131028
10/11/1973,1.344650984
10/12/1973,1.334635019
10/15/1973,1.294571042
10/16/1973,1.299579024
10/17/1973,1.31209898
10/18/1973,1.322114944
10/19/1973,1.342146993
10/22/1973,1.349658966
10/23/1973,1.344650984
10/24/1973,1.352162957
10/25/1973,1.339643002
10/26/1973,1.357171059
10/29/1973,1.364683032
10/30/1973,1.339643002
10/31/1973,1.309594989
11/1/1973,1.287058949
11/2/1973,1.282050967
11/5/1973,1.264523029
11/6/1973,1.257011056
11/7/1973,1.269531012
11/8/1973,1.334635019
11/9/1973,1.324619055
11/12/1973,1.317106962
11/13/1973,1.352162957
11/14/1973,1.314602971
11/15/1973,1.282050967
11/16/1973,1.297075033
11/19/1973,1.259515047
11/20/1973,1.249498963
11/21/1973,1.252002954
11/23/1973,1.262019038
11/26/1973,1.239482999
11/27/1973,1.214442968
11/28/1973,1.254506946
11/29/1973,1.277042985
11/30/1973,1.264523029
12/3/1973,1.201923013
12/4/1973,1.191907048
12/5/1973,1.194411039
12/6/1973,1.224459052
12/7/1973,1.246994972
12/10/1973,1.257011056
12/11/1973,1.231971025
12/12/1973,1.181890965
12/13/1973,1.186898947
12/14/1973,1.176882982
12/17/1973,1.156851053
12/18/1973,1.176882982
12/19/1973,1.186898947
12/20/1973,1.191907048
12/21/1973,1.166867018
12/24/1973,1.154346943
12/26/1973,1.199419022
12/27/1973,1.249498963
12/28/1973,1.252002954
12/31/1973,1.262019038
1/2/1974,1.254506946
1/3/1974,1.269531012
1/4/1974,1.297075033
1/7/1974,1.284554958
1/8/1974,1.254506946
1/9/1974,1.224459052
1/10/1974,1.201923013
1/11/1974,1.229467034
1/14/1974,1.244490981
1/15/1974,1.246994972
1/16/1974,1.246994972
1/17/1974,1.262019038
1/18/1974,1.254506946
1/21/1974,1.264523029
1/22/1974,1.272035003
1/23/1974,1.297075033
1/24/1974,1.287058949
1/25/1974,1.236979008
1/28/1974,1.186898947
1/29/1974,1.211938977
1/30/1974,1.214442968
1/31/1974,1.199419022
2/1/1974,1.184394956
2/4/1974,1.159355044
2/5/1974,1.139322996
2/6/1974,1.131811023
2/7/1974,1.134315014
2/8/1974,1.129307032
2/11/1974,1.084234953
2/12/1974,1.106770992
2/13/1974,1.079226971
2/14/1974,1.086738944
2/15/1974,1.119290948
2/19/1974,1.119290948
2/20/1974,1.131811023
2/21/1974,1.161859035
2/22/1974,1.159355044
2/25/1974,1.156851053
2/26/1974,1.166867018
2/27/1974,1.156851053
2/28/1974,1.134315014
3/1/1974,1.131811023
3/4/1974,1.124299049
3/5/1974,1.121795058
3/6/1974,1.121795058
3/7/1974,1.106770992
3/8/1974,1.114282966
3/11/1974,1.136819005
3/12/1974,1.131811023
3/13/1974,1.10176301
3/14/1974,1.064203024
3/15/1974,1.059195042
3/18/1974,1.046674967
3/19/1974,1.024139047
3/20/1974,1.069211006
3/21/1974,1.079226971
3/22/1974,1.10176301
3/25/1974,1.131811023
3/26/1974,1.126803041
3/27/1974,1.10176301
3/28/1974,1.086738944
3/29/1974,1.086738944
4/1/1974,1.089243054
4/2/1974,1.094251037
4/3/1974,1.116786957
4/4/1974,1.121795058
4/5/1974,1.096755028
4/8/1974,1.086738944
4/9/1974,1.10176301
4/10/1974,1.07672298
4/11/1974,1.066707015
4/15/1974,1.081730962
4/16/1974,1.10176301
4/17/1974,1.096755028
4/18/1974,1.10176301
4/19/1974,1.081730962
4/22/1974,1.081730962
4/23/1974,1.064203024
4/24/1974,1.064203024
4/25/1974,1.041666985
4/26/1974,1.034155011
4/29/1974,1.041666985
4/30/1974,1.021635056
5/1/1974,1.056691051
5/2/1974,1.061699033
5/3/1974,1.049178958
5/6/1974,1.051682949
5/7/1974,1.044170976
5/8/1974,1.036659002
5/9/1974,1.019130945
5/10/1974,0.954025984
5/13/1974,0.96904999
5/14/1974,0.996595025
5/15/1974,1.004106998
5/16/1974,0.994090974
5/17/1974,0.976562977
5/20/1974,0.96904999
5/21/1974,0.959034026
5/22/1974,0.954025984
5/23/1974,0.951521993
5/24/1974,0.956529975
5/28/1974,0.966545999
5/29/1974,0.954025984
5/30/1974,0.966545999
5/31/1974,0.966545999
6/3/1974,0.981571019
6/4/1974,0.98407501
6/5/1974,0.966545999
6/6/1974,0.991586983
6/7/1974,0.996595025
6/10/1974,1.016626954
6/11/1974,0.999099016
6/12/1974,1.011618972
6/13/1974,1.00661099
6/14/1974,0.999099016
6/17/1974,0.98407501
6/18/1974,0.971553981
6/19/1974,0.974057972
6/20/1974,0.966545999
6/21/1974,0.954025984
6/24/1974,0.961538017
6/25/1974,0.999099016
6/26/1974,0.96904999
6/27/1974,0.974057972
6/28/1974,0.986579001
7/1/1974,0.98407501
7/2/1974,0.961538017
7/3/1974,0.949018002
7/5/1974,0.949018002
7/8/1974,0.901441991
7/9/1974,0.901441991
7/10/1974,0.893930018
7/11/1974,0.898938
7/12/1974,0.951521993
7/15/1974,0.944010019
7/16/1974,0.936497986
7/17/1974,0.956529975
7/18/1974,0.954025984
7/19/1974,0.959034026
7/22/1974,0.94651401
7/23/1974,0.951521993
7/24/1974,0.976562977
7/25/1974,0.96904999
7/26/1974,0.944010019
7/29/1974,0.906449974
7/30/1974,0.901441991
7/31/1974,0.861378014
8/1/1974,0.863882005
8/2/1974,0.871393979
8/5/1974,0.881410003
8/6/1974,0.903945982
8/7/1974,0.939001977
8/8/1974,0.923977971
8/9/1974,0.913962007
8/12/1974,0.906449974
8/13/1974,0.878906012
8/14/1974,0.866385996
8/15/1974,0.85136199
8/16/1974,0.823818028
8/19/1974,0.798777997
8/20/1974,0.801281989
8/21/1974,0.773738027
8/22/1974,0.771233976
8/23/1974,0.706130028
8/26/1974,0.748697996
8/27/1974,0.728666008
8/28/1974,0.713642001
8/29/1974,0.73367399
8/30/1974,0.75871402
9/3/1974,0.746194005
9/4/1974,0.703625977
9/5/1974,0.73367399
9/6/1974,0.736177981
9/9/1974,0.691106021
9/10/1974,0.68609798
9/11/1974,0.661058009
9/12/1974,0.620993972
9/13/1974,0.603465974
9/16/1974,0.646034002
9/17/1974,0.678586006
9/18/1974,0.708634019
9/19/1974,0.748697996
9/20/1974,0.761218011
9/23/1974,0.728666008
9/24/1974,0.706130028
9/25/1974,0.668569982
9/26/1974,0.661058009
9/27/1974,0.646034002
9/30/1974,0.626002014
10/1/1974,0.661058009
10/2/1974,0.68609798
10/3/1974,0.668569982
10/4/1974,0.658554018
10/7/1974,0.693610013
10/8/1974,0.676082015
10/9/1974,0.728666008
10/10/1974,0.753705978
10/11/1974,0.748697996
10/14/1974,0.75871402
10/15/1974,0.731169999
10/16/1974,0.716145992
10/17/1974,0.718649983
10/18/1974,0.731169999
10/21/1974,0.761218011
10/22/1974,0.743690014
10/23/1974,0.731169999
10/24/1974,0.71113801
10/25/1974,0.698617995
10/28/1974,0.713642001
10/29/1974,0.746194005
10/30/1974,0.756210029
10/31/1974,0.766225994
11/1/1974,0.78125
11/4/1974,0.771233976
11/5/1974,0.798777997
11/6/1974,0.771233976
11/7/1974,0.788761973
11/8/1974,0.776242018
11/11/1974,0.793770015
11/12/1974,0.763722003
11/13/1974,0.741186023
11/14/1974,0.751201987
11/15/1974,0.721153975
11/18/1974,0.681089997
11/19/1974,0.683593988
11/20/1974,0.676082015
11/21/1974,0.68609798
11/22/1974,0.706130028
11/25/1974,0.708634019
11/26/1974,0.703625977
11/27/1974,0.728666008
11/29/1974,0.743690014
12/2/1974,0.731169999
12/3/1974,0.703625977
12/4/1974,0.708634019
12/5/1974,0.693610013
12/6/1974,0.673578024
12/9/1974,0.666065991
12/10/1974,0.688601971
12/11/1974,0.676082015
12/12/1974,0.653545976
12/13/1974,0.658554018
12/16/1974,0.620993972
12/17/1974,0.653545976
12/18/1974,0.666065991
12/19/1974,0.668569982
12/20/1974,0.646034002
12/23/1974,0.636017978
12/24/1974,0.64102602
12/26/1974,0.653545976
12/27/1974,0.648537993
12/30/1974,0.64102602
12/31/1974,0.668569982
1/2/1975,0.676082015
1/3/1975,0.653545976
1/6/1975,0.653545976
1/7/1975,0.673578024
1/8/1975,0.676082015
1/9/1975,0.683593988
1/10/1975,0.718649983
1/13/1975,0.728666008
1/14/1975,0.71113801
1/15/1975,0.721153975
1/16/1975,0.728666008
1/17/1975,0.696114004
1/20/1975,0.701121986
1/21/1975,0.693610013
1/22/1975,0.718649983
1/23/1975,0.691106021
1/24/1975,0.708634019
1/27/1975,0.728666008
1/28/1975,0.756210029
1/29/1975,0.783753991
1/30/1975,0.768729985
1/31/1975,0.773738027
2/3/1975,0.788761973
2/4/1975,0.773738027
2/5/1975,0.796274006
2/6/1975,0.80378598
2/7/1975,0.796274006
2/10/1975,0.801281989
2/11/1975,0.801281989
2/12/1975,0.82882601
2/13/1975,0.843850017
2/14/1975,0.858874023
2/18/1975,0.848857999
2/19/1975,0.858874023
2/20/1975,0.873898029
2/21/1975,0.896434009
2/24/1975,0.878906012
2/25/1975,0.846354008
2/26/1975,0.85136199
2/27/1975,0.861378014
2/28/1975,0.883913994
3/3/1975,0.898938
3/4/1975,0.901441991
3/5/1975,0.881410003
3/6/1975,0.911458015
3/7/1975,0.928986013
3/10/1975,0.979067028
3/11/1975,0.966545999
3/12/1975,0.926482022
3/13/1975,0.911458015
3/14/1975,0.928986013
3/17/1975,0.976562977
3/18/1975,0.961538017
3/19/1975,0.941506028
3/20/1975,0.928986013
3/21/1975,0.931490004
3/24/1975,0.893930018
3/25/1975,0.911458015
3/26/1975,0.939001977
3/27/1975,0.936497986
3/31/1975,0.92147398
4/1/1975,0.918969989
4/2/1975,0.913962007
4/3/1975,0.908954024
4/4/1975,0.903945982
4/7/1975,0.888921976
4/8/1975,0.903945982
4/9/1975,0.936497986
4/10/1975,0.956529975
4/11/1975,0.971553981
4/14/1975,0.979067028
4/15/1975,0.979067028
4/16/1975,0.961538017
4/17/1975,0.92147398
4/18/1975,0.891426027
4/21/1975,0.908954024
4/22/1975,0.913962007
4/23/1975,0.901441991
4/24/1975,0.898938
4/25/1975,0.896434009
4/28/1975,0.896434009
4/29/1975,0.898938
4/30/1975,0.92147398
5/1/1975,0.941506028
5/2/1975,0.966545999
5/5/1975,0.959034026
5/6/1975,0.918969989
5/7/1975,0.944010019
5/8/1975,0.954025984
5/9/1975,0.959034026
5/12/1975,0.949018002
5/13/1975,0.936497986
5/14/1975,0.949018002
5/15/1975,0.944010019
5/16/1975,0.926482022
5/19/1975,0.939001977
5/20/1975,0.911458015
5/21/1975,0.898938
5/22/1975,0.906449974
5/23/1975,0.92147398
5/27/1975,0.911458015
5/28/1975,0.898938
5/29/1975,0.898938
5/30/1975,0.908954024
6/2/1975,0.939001977
6/3/1975,0.949018002
6/4/1975,0.94651401
6/5/1975,0.949018002
6/6/1975,0.94651401
6/9/1975,0.931490004
6/10/1975,0.916465998
6/11/1975,0.916465998
6/12/1975,0.901441991
6/13/1975,0.92147398
6/16/1975,0.933993995
6/17/1975,0.918969989
6/18/1975,0.928986013
6/19/1975,0.959034026
6/20/1975,0.956529975
6/23/1975,0.96904999
6/24/1975,0.979067028
6/25/1975,1.019130945
6/26/1975,1.039162993
6/27/1975,1.046674967
6/30/1975,1.054187059
7/1/1975,1.046674967
7/2/1975,1.03165102
7/3/1975,1.046674967
7/7/1975,1.036659002
7/8/1975,1.034155011
7/9/1975,1.044170976
7/10/1975,1.041666985
7/11/1975,1.009114981
7/14/1975,1.00661099
7/15/1975,1.009114981
7/16/1975,1.011618972
7/17/1975,1.001603007
7/18/1975,1.00661099
7/21/1975,0.994090974
7/22/1975,0.989082992
7/23/1975,0.989082992
7/24/1975,0.981571019
7/25/1975,0.949018002
7/28/1975,0.941506028
7/29/1975,0.939001977
7/30/1975,0.94651401
7/31/1975,0.94651401
8/1/1975,0.931490004
8/4/1975,0.913962007
8/5/1975,0.903945982
8/6/1975,0.901441991
8/7/1975,0.906449974
8/8/1975,0.893930018
8/11/1975,0.896434009
8/12/1975,0.886417985
8/13/1975,0.868889987
8/14/1975,0.868889987
8/15/1975,0.888921976
8/18/1975,0.898938
8/19/1975,0.886417985
8/20/1975,0.836337984
8/21/1975,0.846354008
8/22/1975,0.881410003
8/25/1975,0.896434009
8/26/1975,0.871393979
8/27/1975,0.891426027
8/28/1975,0.941506028
8/29/1975,0.926482022
9/2/1975,0.886417985
9/3/1975,0.906449974
9/4/1975,0.923977971
9/5/1975,0.926482022
9/8/1975,0.918969989
9/9/1975,0.871393979
9/10/1975,0.881410003
9/11/1975,0.87640202
9/12/1975,0.866385996
9/15/1975,0.856369972
9/16/1975,0.846354008
9/17/1975,0.853865981
9/18/1975,0.866385996
9/19/1975,0.891426027
9/22/1975,0.871393979
9/23/1975,0.87640202
9/24/1975,0.888921976
9/25/1975,0.893930018
9/26/1975,0.911458015
9/29/1975,0.886417985
9/30/1975,0.881410003
10/1/1975,0.85136199
10/2/1975,0.886417985
10/3/1975,0.913962007
10/6/1975,0.908954024
10/7/1975,0.918969989
10/8/1975,0.944010019
10/9/1975,0.961538017
10/10/1975,0.951521993
10/13/1975,0.966545999
10/14/1975,0.951521993
10/15/1975,0.956529975
10/16/1975,0.954025984
10/17/1975,0.951521993
10/20/1975,0.96904999
10/21/1975,0.971553981
10/22/1975,0.976562977
10/23/1975,0.981571019
10/24/1975,0.96904999
10/27/1975,0.964042008
10/28/1975,0.96904999
10/29/1975,0.959034026
10/30/1975,0.966545999
10/31/1975,0.964042008
11/3/1975,0.954025984
11/4/1975,0.954025984
11/5/1975,0.959034026
11/6/1975,0.956529975
11/7/1975,0.951521993
11/10/1975,0.951521993
11/11/1975,0.96904999
11/12/1975,0.991586983
11/13/1975,0.986579001
11/14/1975,0.979067028
11/17/1975,0.994090974
11/18/1975,0.994090974
11/19/1975,0.971553981
11/20/1975,0.959034026
11/21/1975,0.959034026
11/24/1975,0.961538017
11/25/1975,0.974057972
11/26/1975,0.964042008
11/28/1975,0.966545999
12/1/1975,0.971553981
12/2/1975,0.964042008
12/3/1975,0.92147398
12/4/1975,0.92147398
12/5/1975,0.911458015
12/8/1975,0.926482022
12/9/1975,0.931490004
12/10/1975,0.941506028
12/11/1975,0.931490004
12/12/1975,0.931490004
12/15/1975,0.94651401
12/16/1975,0.939001977
12/17/1975,0.916465998
12/18/1975,0.926482022
12/19/1975,0.911458015
12/22/1975,0.916465998
12/23/1975,0.911458015
12/24/1975,0.908954024
12/26/1975,0.931490004
12/29/1975,0.916465998
12/30/1975,0.923977971
12/31/1975,0.923977971
1/2/1976,0.933993995
1/5/1976,0.956529975
1/6/1976,0.981571019
1/7/1976,0.994090974
1/8/1976,1.001603007
1/9/1976,1.014122963
1/12/1976,1.039162993
1/13/1976,1.024139047
1/14/1976,1.036659002
1/15/1976,1.036659002
1/16/1976,1.03165102
1/19/1976,1.061699033
1/20/1976,1.081730962
1/21/1976,1.071714997
1/22/1976,1.066707015
1/23/1976,1.096755028
1/26/1976,1.111778975
1/27/1976,1.099259019
1/28/1976,1.079226971
1/29/1976,1.124299049
1/30/1976,1.121795058
2/2/1976,1.116786957
2/3/1976,1.10176301
2/4/1976,1.091747046
2/5/1976,1.069211006
2/6/1976,1.059195042
2/9/1976,1.046674967
2/10/1976,1.061699033
2/11/1976,1.054187059
2/12/1976,1.041666985
2/13/1976,1.034155011
2/17/1976,1.029147029
2/18/1976,1.054187059
2/19/1976,1.066707015
2/20/1976,1.084234953
2/23/1976,1.074218988
2/24/1976,1.079226971
2/25/1976,1.079226971
2/26/1976,1.066707015
2/27/1976,1.069211006
3/1/1976,1.049178958
3/2/1976,1.044170976
3/3/1976,1.046674967
3/4/1976,1.00661099
3/5/1976,1.024139047
3/8/1976,1.049178958
3/9/1976,1.046674967
3/10/1976,1.039162993
3/11/1976,1.039162993
3/12/1976,1.019130945
3/15/1976,1.011618972
3/16/1976,1.03165102
3/17/1976,1.036659002
3/18/1976,1.03165102
3/19/1976,1.036659002
3/22/1976,1.041666985
3/23/1976,1.059195042
3/24/1976,1.084234953
3/25/1976,1.074218988
3/26/1976,1.071714997
3/29/1976,1.056691051
3/30/1976,1.051682949
3/31/1976,1.051682949
4/1/1976,1.049178958
4/2/1976,1.044170976
4/5/1976,1.061699033
4/6/1976,1.051682949
4/7/1976,1.041666985
4/8/1976,1.046674967
4/9/1976,1.059195042
4/12/1976,1.059195042
4/13/1976,1.059195042
4/14/1976,1.041666985
4/15/1976,1.044170976
4/19/1976,1.044170976
4/20/1976,1.07672298
4/21/1976,1.094251037
4/22/1976,1.099259019
4/23/1976,1.10176301
4/26/1976,1.094251037
4/27/1976,1.079226971
4/28/1976,1.081730962
4/29/1976,1.07672298
4/30/1976,1.07672298
5/3/1976,1.061699033
5/4/1976,1.061699033
5/5/1976,1.039162993
5/6/1976,1.049178958
5/7/1976,1.046674967
5/10/1976,1.056691051
5/11/1976,1.054187059
5/12/1976,1.041666985
5/13/1976,1.034155011
5/14/1976,1.021635056
5/17/1976,1.00661099
5/18/1976,1.016626954
5/19/1976,1.019130945
5/20/1976,1.03165102
5/21/1976,1.029147029
5/24/1976,1.011618972
5/25/1976,1.011618972
5/26/1976,1.004106998
5/27/1976,1.00661099
5/28/1976,1.019130945
6/1/1976,1.021635056
6/2/1976,1.041666985
6/3/1976,1.049178958
6/4/1976,1.036659002
6/7/1976,1.049178958
6/8/1976,1.051682949
6/9/1976,1.056691051
6/10/1976,1.061699033
6/11/1976,1.071714997
6/14/1976,1.10176301
6/15/1976,1.096755028
6/16/1976,1.10176301
6/17/1976,1.119290948
6/18/1976,1.129307032
6/21/1976,1.141826987
6/22/1976,1.131811023
6/23/1976,1.129307032
6/24/1976,1.14683497
6/25/1976,1.149338961
6/28/1976,1.136819005
6/29/1976,1.144330978
6/30/1976,1.144330978
7/1/1976,1.14683497
7/2/1976,1.144330978
7/6/1976,1.144330978
7/7/1976,1.151842952
7/8/1976,1.156851053
7/9/1976,1.166867018
7/12/1976,1.171875
7/13/1976,1.169371009
7/14/1976,1.174378991
7/15/1976,1.166867018
7/16/1976,1.166867018
7/19/1976,1.159355044
7/20/1976,1.156851053
7/21/1976,1.141826987
7/22/1976,1.131811023
7/23/1976,1.106770992
7/26/1976,1.114282966
7/27/1976,1.099259019
7/28/1976,1.091747046
7/29/1976,1.079226971
7/30/1976,1.091747046
8/2/1976,1.096755028
8/3/1976,1.10176301
8/4/1976,1.096755028
8/5/1976,1.104267001
8/6/1976,1.10176301
8/9/1976,1.104267001
8/10/1976,1.119290948
8/11/1976,1.109274983
8/12/1976,1.116786957
8/13/1976,1.119290948
8/16/1976,1.129307032
8/17/1976,1.124299049
8/18/1976,1.109274983
8/19/1976,1.094251037
8/20/1976,1.091747046
8/23/1976,1.099259019
8/24/1976,1.094251037
8/25/1976,1.086738944
8/26/1976,1.064203024
8/27/1976,1.051682949
8/30/1976,1.061699033
8/31/1976,1.061699033
9/1/1976,1.071714997
9/2/1976,1.069211006
9/3/1976,1.056691051
9/7/1976,1.061699033
9/8/1976,1.071714997
9/9/1976,1.074218988
9/10/1976,1.086738944
9/13/1976,1.099259019
9/14/1976,1.091747046
9/15/1976,1.089243054
9/16/1976,1.106770992
9/17/1976,1.109274983
9/20/1976,1.104267001
9/21/1976,1.116786957
9/22/1976,1.131811023
9/23/1976,1.136819005
9/24/1976,1.126803041
9/27/1976,1.129307032
9/28/1976,1.121795058
9/29/1976,1.099259019
9/30/1976,1.084234953
10/1/1976,1.069211006
10/4/1976,1.039162993
10/5/1976,1.041666985
10/6/1976,1.041666985
10/7/1976,1.051682949
10/8/1976,1.049178958
10/11/1976,1.034155011
10/12/1976,1.024139047
10/13/1976,1.034155011
10/14/1976,1.00661099
10/15/1976,1.011618972
10/18/1976,1.021635056
10/19/1976,1.036659002
10/20/1976,1.041666985
10/21/1976,1.039162993
10/22/1976,1.046674967
10/25/1976,1.041666985
10/26/1976,1.046674967
10/27/1976,1.056691051
10/28/1976,1.061699033
10/29/1976,1.069211006
11/1/1976,1.066707015
11/3/1976,1.044170976
11/4/1976,1.056691051
11/5/1976,1.044170976
11/8/1976,1.016626954
11/9/1976,1.024139047
11/10/1976,1.016626954
11/11/1976,1.021635056
11/12/1976,1.021635056
11/15/1976,1.019130945
11/16/1976,1.019130945
11/17/1976,1.026643038
11/18/1976,1.03165102
11/19/1976,1.034155011
11/22/1976,1.039162993
11/23/1976,1.03165102
11/24/1976,1.026643038
11/26/1976,1.029147029
11/29/1976,1.021635056
11/30/1976,1.014122963
12/1/1976,1.026643038
12/2/1976,1.019130945
12/3/1976,1.019130945
12/6/1976,1.021635056
12/7/1976,1.021635056
12/8/1976,1.026643038
12/9/1976,1.054187059
12/10/1976,1.066707015
12/13/1976,1.064203024
12/14/1976,1.07672298
12/15/1976,1.059195042
12/16/1976,1.056691051
12/17/1976,1.049178958
12/20/1976,1.059195042
12/21/1976,1.054187059
12/22/1976,1.061699033
12/23/1976,1.061699033
12/27/1976,1.074218988
12/28/1976,1.099259019
12/29/1976,1.094251037
12/30/1976,1.109274983
12/31/1976,1.114282966
1/3/1977,1.109274983
1/4/1977,1.079226971
1/5/1977,1.066707015
1/6/1977,1.051682949
1/7/1977,1.069211006
1/10/1977,1.081730962
1/11/1977,1.071714997
1/12/1977,1.069211006
1/13/1977,1.081730962
1/14/1977,1.089243054
1/17/1977,1.086738944
1/18/1977,1.081730962
1/19/1977,1.071714997
1/20/1977,1.071714997
1/21/1977,1.071714997
1/24/1977,1.054187059
1/25/1977,1.056691051
1/26/1977,1.061699033
1/27/1977,1.056691051
1/28/1977,1.056691051
1/31/1977,1.059195042
2/1/1977,1.056691051
2/2/1977,1.051682949
2/3/1977,1.041666985
2/4/1977,1.026643038
2/7/1977,1.019130945
2/8/1977,1.021635056
2/9/1977,1.016626954
2/10/1977,1.019130945
2/11/1977,1.016626954
2/14/1977,1.024139047
2/15/1977,1.016626954
2/16/1977,1.026643038
2/17/1977,1.014122963
2/18/1977,1.016626954
2/22/1977,1.019130945
2/23/1977,1.014122963
2/24/1977,0.999099016
2/25/1977,1.004106998
2/28/1977,1.011618972
3/1/1977,1.016626954
3/2/1977,1.009114981
3/3/1977,1.019130945
3/4/1977,1.019130945
3/7/1977,1.019130945
3/8/1977,1.019130945
3/9/1977,1.016626954
3/10/1977,1.024139047
3/11/1977,1.029147029
3/14/1977,1.029147029
3/15/1977,1.041666985
3/16/1977,1.03165102
3/17/1977,1.026643038
3/18/1977,1.021635056
3/21/1977,1.016626954
3/22/1977,1.021635056
3/23/1977,1.019130945
3/24/1977,1.00661099
3/25/1977,1.001603007
3/28/1977,0.999099016
3/29/1977,1.004106998
3/30/1977,0.994090974
3/31/1977,0.98407501
4/1/1977,0.991586983
4/4/1977,0.974057972
4/5/1977,0.979067028
4/6/1977,0.986579001
4/7/1977,0.986579001
4/11/1977,0.989082992
4/12/1977,1.021635056
4/13/1977,1.034155011
4/14/1977,1.061699033
4/15/1977,1.07672298
4/18/1977,1.071714997
4/19/1977,1.066707015
4/20/1977,1.079226971
4/21/1977,1.081730962
4/22/1977,1.069211006
4/25/1977,1.03165102
4/26/1977,1.026643038
4/27/1977,1.041666985
4/28/1977,1.056691051
4/29/1977,1.079226971
5/2/1977,1.084234953
5/3/1977,1.081730962
5/4/1977,1.10176301
5/5/1977,1.109274983
5/6/1977,1.10176301
5/9/1977,1.104267001
5/10/1977,1.096755028
5/11/1977,1.084234953
5/12/1977,1.086738944
5/13/1977,1.089243054
5/16/1977,1.099259019
5/17/1977,1.091747046
5/18/1977,1.104267001
5/19/1977,1.106770992
5/20/1977,1.10176301
5/23/1977,1.089243054
5/24/1977,1.094251037
5/25/1977,1.081730962
5/26/1977,1.086738944
5/27/1977,1.091747046
5/31/1977,1.086738944
6/1/1977,1.094251037
6/2/1977,1.086738944
6/3/1977,1.106770992
6/6/1977,1.094251037
6/7/1977,1.104267001
6/8/1977,1.119290948
6/9/1977,1.121795058
6/10/1977,1.126803041
6/13/1977,1.141826987
6/14/1977,1.144330978
6/15/1977,1.134315014
6/16/1977,1.136819005
6/17/1977,1.129307032
6/20/1977,1.129307032
6/21/1977,1.124299049
6/22/1977,1.114282966
6/23/1977,1.121795058
6/24/1977,1.126803041
6/27/1977,1.126803041
6/28/1977,1.126803041
6/29/1977,1.129307032
6/30/1977,1.131811023
7/1/1977,1.124299049
7/5/1977,1.119290948
7/6/1977,1.119290948
7/7/1977,1.119290948
7/8/1977,1.116786957
7/11/1977,1.099259019
7/12/1977,1.099259019
7/13/1977,1.10176301
7/15/1977,1.104267001
7/18/1977,1.10176301
7/19/1977,1.114282966
7/20/1977,1.109274983
7/21/1977,1.111778975
7/22/1977,1.104267001
7/25/1977,1.099259019
7/26/1977,1.104267001
7/27/1977,1.096755028
7/28/1977,1.094251037
7/29/1977,1.089243054
8/1/1977,1.091747046
8/2/1977,1.079226971
8/3/1977,1.086738944
8/4/1977,1.094251037
8/5/1977,1.091747046
8/8/1977,1.084234953
8/9/1977,1.081730962
8/10/1977,1.099259019
8/11/1977,1.086738944
8/12/1977,1.089243054
8/15/1977,1.106770992
8/16/1977,1.091747046
8/17/1977,1.096755028
8/18/1977,1.096755028
8/19/1977,1.096755028
8/22/1977,1.099259019
8/23/1977,1.089243054
8/24/1977,1.081730962
8/25/1977,1.041666985
8/26/1977,1.066707015
8/29/1977,1.071714997
8/30/1977,1.061699033
8/31/1977,1.069211006
9/1/1977,1.071714997
9/2/1977,1.07672298
9/6/1977,1.094251037
9/7/1977,1.10176301
9/8/1977,1.089243054
9/9/1977,1.086738944
9/12/1977,1.071714997
9/13/1977,1.066707015
9/14/1977,1.071714997
9/15/1977,1.07672298
9/16/1977,1.071714997
9/19/1977,1.069211006
9/20/1977,1.056691051
9/21/1977,1.046674967
9/22/1977,1.044170976
9/23/1977,1.049178958
9/26/1977,1.049178958
9/27/1977,1.021635056
9/28/1977,1.019130945
9/29/1977,1.014122963
9/30/1977,1.026643038
10/3/1977,1.039162993
10/4/1977,1.021635056
10/5/1977,1.014122963
10/6/1977,1.016626954
10/7/1977,1.021635056
10/10/1977,1.016626954
10/11/1977,0.989082992
10/12/1977,1.001603007
10/13/1977,0.996595025
10/14/1977,1.00661099
10/17/1977,1.014122963
10/18/1977,1.019130945
10/19/1977,1.011618972
10/20/1977,1.00661099
10/21/1977,1.009114981
10/24/1977,0.994090974
10/25/1977,0.996595025
10/26/1977,0.996595025
10/27/1977,1.019130945
10/28/1977,1.004106998
10/31/1977,1.004106998
11/1/1977,0.981571019
11/2/1977,0.981571019
11/3/1977,0.991586983
11/4/1977,1.001603007
11/7/1977,1.024139047
11/8/1977,1.016626954
11/9/1977,1.019130945
11/10/1977,1.034155011
11/11/1977,1.049178958
11/14/1977,1.046674967
11/15/1977,1.046674967
11/16/1977,1.039162993
11/17/1977,1.026643038
11/18/1977,1.029147029
11/21/1977,1.034155011
11/22/1977,1.044170976
11/23/1977,1.039162993
11/25/1977,1.03165102
11/28/1977,1.016626954
11/29/1977,1.00661099
11/30/1977,1.004106998
12/1/1977,1.00661099
12/2/1977,0.994090974
12/5/1977,0.989082992
12/6/1977,0.971553981
12/7/1977,0.96904999
12/8/1977,0.966545999
12/9/1977,0.96904999
12/12/1977,0.966545999
12/13/1977,0.974057972
12/14/1977,0.976562977
12/15/1977,0.976562977
12/16/1977,0.966545999
12/19/1977,0.959034026
12/20/1977,0.956529975
12/21/1977,0.974057972
12/22/1977,0.991586983
12/23/1977,1.001603007
12/27/1977,0.999099016
12/28/1977,0.994090974
12/29/1977,0.996595025
12/30/1977,0.999099016
1/3/1978,0.976562977
1/4/1978,0.974057972
1/5/1978,0.974057972
1/6/1978,0.959034026
1/9/1978,0.94651401
1/10/1978,0.944010019
1/11/1978,0.926482022
1/12/1978,0.928986013
1/13/1978,0.931490004
1/16/1978,0.928986013
1/17/1978,0.928986013
1/18/1978,0.933993995
1/19/1978,0.928986013
1/20/1978,0.918969989
1/23/1978,0.908954024
1/24/1978,0.906449974
1/25/1978,0.911458015
1/26/1978,0.903945982
1/27/1978,0.906449974
1/30/1978,0.918969989
1/31/1978,0.916465998
2/1/1978,0.928986013
2/2/1978,0.936497986
2/3/1978,0.939001977
2/6/1978,0.936497986
2/7/1978,0.94651401
2/8/1978,0.956529975
2/9/1978,0.951521993
2/10/1978,0.951521993
2/13/1978,0.94651401
2/14/1978,0.923977971
2/15/1978,0.918969989
2/16/1978,0.906449974
2/17/1978,0.901441991
2/21/1978,0.896434009
2/22/1978,0.891426027
2/23/1978,0.896434009
2/24/1978,0.908954024
2/27/1978,0.901441991
2/28/1978,0.896434009
3/1/1978,0.891426027
3/2/1978,0.893930018
3/3/1978,0.896434009
3/6/1978,0.901441991
3/7/1978,0.903945982
3/8/1978,0.908954024
3/9/1978,0.913962007
3/10/1978,0.931490004
3/13/1978,0.936497986
3/14/1978,0.941506028
3/15/1978,0.936497986
3/16/1978,0.936497986
3/17/1978,0.944010019
3/20/1978,0.956529975
3/21/1978,0.941506028
3/22/1978,0.939001977
3/23/1978,0.931490004
3/27/1978,0.936497986
3/28/1978,0.94651401
3/29/1978,0.94651401
3/30/1978,0.94651401
3/31/1978,0.933993995
4/3/1978,0.923977971
4/4/1978,0.928986013
4/5/1978,0.939001977
4/6/1978,0.931490004
4/7/1978,0.939001977
4/10/1978,0.941506028
4/11/1978,0.939001977
4/12/1978,0.936497986
4/13/1978,0.939001977
4/14/1978,0.966545999
4/17/1978,0.996595025
4/18/1978,0.991586983
4/19/1978,0.994090974
4/20/1978,1.009114981
4/21/1978,1.001603007
4/24/1978,1.044170976
4/25/1978,1.046674967
4/26/1978,1.051682949
4/27/1978,1.039162993
4/28/1978,1.046674967
5/1/1978,1.061699033
5/2/1978,1.049178958
5/3/1978,1.029147029
5/4/1978,1.014122963
5/5/1978,1.014122963
5/8/1978,1.016626954
5/9/1978,1.024139047
5/10/1978,1.029147029
5/11/1978,1.046674967
5/12/1978,1.064203024
5/15/1978,1.07672298
5/16/1978,1.07672298
5/17/1978,1.084234953
5/18/1978,1.064203024
5/19/1978,1.061699033
5/22/1978,1.081730962
5/23/1978,1.074218988
5/24/1978,1.056691051
5/25/1978,1.056691051
5/26/1978,1.049178958
5/30/1978,1.041666985
5/31/1978,1.059195042
6/1/1978,1.059195042
6/2/1978,1.054187059
6/5/1978,1.079226971
6/6/1978,1.086738944
6/7/1978,1.074218988
6/8/1978,1.071714997
6/9/1978,1.044170976
6/12/1978,1.051682949
6/13/1978,1.061699033
6/14/1978,1.059195042
6/15/1978,1.041666985
6/16/1978,1.024139047
6/19/1978,1.034155011
6/20/1978,1.014122963
6/21/1978,1.00661099
6/22/1978,1.011618972
6/23/1978,1.004106998
6/26/1978,0.996595025
6/27/1978,1.001603007
6/28/1978,0.996595025
6/29/1978,1.011618972
6/30/1978,1.011618972
7/3/1978,1.009114981
7/5/1978,1.001603007
7/6/1978,1.00661099
7/7/1978,1.014122963
7/10/1978,1.03165102
7/11/1978,1.041666985
7/12/1978,1.041666985
7/13/1978,1.044170976
7/14/1978,1.071714997
7/17/1978,1.051682949
7/18/1978,1.041666985
7/19/1978,1.066707015
7/20/1978,1.061699033
7/21/1978,1.049178958
7/24/1978,1.049178958
7/25/1978,1.071714997
7/26/1978,1.07672298
7/27/1978,1.071714997
7/28/1978,1.071714997
7/31/1978,1.074218988
8/1/1978,1.074218988
8/2/1978,1.091747046
8/3/1978,1.109274983
8/4/1978,1.111778975
8/7/1978,1.111778975
8/8/1978,1.116786957
8/9/1978,1.126803041
8/10/1978,1.116786957
8/11/1978,1.124299049
8/14/1978,1.121795058
8/15/1978,1.116786957
8/16/1978,1.126803041
8/17/1978,1.139322996
8/18/1978,1.131811023
8/21/1978,1.114282966
8/22/1978,1.116786957
8/23/1978,1.126803041
8/24/1978,1.129307032
8/25/1978,1.129307032
8/28/1978,1.121795058
8/29/1978,1.104267001
8/30/1978,1.091747046
8/31/1978,1.086738944
9/1/1978,1.081730962
9/5/1978,1.079226971
9/6/1978,1.086738944
9/7/1978,1.081730962
9/8/1978,1.096755028
9/11/1978,1.10176301
9/12/1978,1.089243054
9/13/1978,1.089243054
9/14/1978,1.074218988
9/15/1978,1.064203024
9/18/1978,1.056691051
9/19/1978,1.054187059
9/20/1978,1.044170976
9/21/1978,1.049178958
9/22/1978,1.051682949
9/25/1978,1.051682949
9/26/1978,1.064203024
9/27/1978,1.046674967
9/28/1978,1.046674967
9/29/1978,1.059195042
10/2/1978,1.061699033
10/3/1978,1.066707015
10/4/1978,1.061699033
10/5/1978,1.051682949
10/6/1978,1.051682949
10/9/1978,1.064203024
10/10/1978,1.061699033
10/11/1978,1.071714997
10/12/1978,1.069211006
10/13/1978,1.061699033
10/16/1978,1.039162993
10/17/1978,1.036659002
10/18/1978,1.03165102
10/19/1978,1.019130945
10/20/1978,0.996595025
10/23/1978,0.98407501
10/24/1978,0.971553981
10/25/1978,0.974057972
10/26/1978,0.961538017
10/27/1978,0.956529975
10/30/1978,0.971553981
10/31/1978,0.951521993
11/1/1978,1.016626954
11/2/1978,0.971553981
11/3/1978,0.961538017
11/6/1978,0.956529975
11/7/1978,0.961538017
11/8/1978,0.961538017
11/9/1978,0.96904999
11/10/1978,0.971553981
11/13/1978,0.936497986
11/14/1978,0.954025984
11/15/1978,0.971553981
11/16/1978,0.986579001
11/17/1978,0.996595025
11/20/1978,1.001603007
11/21/1978,0.994090974
11/22/1978,0.991586983
11/24/1978,0.996595025
11/27/1978,0.991586983
11/28/1978,0.981571019
11/29/1978,0.964042008
11/30/1978,0.944010019
12/1/1978,0.966545999
12/4/1978,0.96904999
12/5/1978,0.976562977
12/6/1978,0.979067028
12/7/1978,0.974057972
12/8/1978,0.966545999
12/11/1978,0.979067028
12/12/1978,0.966545999
12/13/1978,0.941506028
12/14/1978,0.951521993
12/15/1978,0.941506028
12/18/1978,0.926482022
12/19/1978,0.926482022
12/20/1978,0.936497986
12/21/1978,0.933993995
12/22/1978,0.951521993
12/26/1978,0.964042008
12/27/1978,0.956529975
12/28/1978,0.949018002
12/29/1978,0.944010019
1/2/1979,0.941506028
1/3/1979,0.959034026
1/4/1979,0.979067028
1/5/1979,0.981571019
1/8/1979,0.979067028
1/9/1979,0.986579001
1/10/1979,0.981571019
1/11/1979,0.976562977
1/12/1979,0.986579001
1/15/1979,1.001603007
1/16/1979,0.989082992
1/17/1979,0.98407501
1/18/1979,0.986579001
1/19/1979,0.994090974
1/22/1979,0.986579001
1/23/1979,0.986579001
1/24/1979,0.989082992
1/25/1979,1.004106998
1/26/1979,0.999099016
1/29/1979,0.994090974
1/30/1979,0.98407501
1/31/1979,0.966545999
2/1/1979,0.96904999
2/2/1979,0.959034026
2/5/1979,0.941506028
2/6/1979,0.941506028
2/7/1979,0.931490004
2/8/1979,0.928986013
2/9/1979,0.926482022
2/12/1979,0.931490004
2/13/1979,0.931490004
2/14/1979,0.936497986
2/15/1979,0.936497986
2/16/1979,0.939001977
2/20/1979,0.956529975
2/21/1979,0.944010019
2/22/1979,0.94651401
2/23/1979,0.936497986
2/26/1979,0.936497986
2/27/1979,0.926482022
2/28/1979,0.92147398
3/1/1979,0.928986013
3/2/1979,0.918969989
3/5/1979,0.926482022
3/6/1979,0.931490004
3/7/1979,0.931490004
3/8/1979,0.939001977
3/9/1979,0.936497986
3/12/1979,0.944010019
3/13/1979,0.944010019
3/14/1979,0.944010019
3/15/1979,0.949018002
3/16/1979,0.961538017
3/19/1979,0.966545999
3/20/1979,0.959034026
3/21/1979,0.964042008
3/22/1979,0.96904999
3/23/1979,0.976562977
3/26/1979,0.96904999
3/27/1979,0.994090974
3/28/1979,0.979067028
3/29/1979,0.966545999
3/30/1979,0.961538017
4/2/1979,0.94651401
4/3/1979,0.956529975
4/4/1979,0.956529975
4/5/1979,0.956529975
4/6/1979,0.956529975
4/9/1979,0.954025984
4/10/1979,0.96904999
4/11/1979,0.971553981
4/12/1979,0.971553981
4/16/1979,0.96904999
4/17/1979,0.961538017
4/18/1979,0.966545999
4/19/1979,0.961538017
4/20/1979,0.961538017
4/23/1979,0.974057972
4/24/1979,0.981571019
4/25/1979,0.994090974
4/26/1979,0.986579001
4/27/1979,0.981571019
4/30/1979,0.98407501
5/1/1979,0.986579001
5/2/1979,0.996595025
5/3/1979,0.999099016
5/4/1979,0.996595025
5/7/1979,0.974057972
5/8/1979,0.979067028
5/9/1979,0.986579001
5/10/1979,0.981571019
5/11/1979,0.98407501
5/14/1979,0.974057972
5/15/1979,0.976562977
5/16/1979,0.98407501
5/17/1979,1.001603007
5/18/1979,0.996595025
5/21/1979,1.004106998
5/22/1979,1.014122963
5/23/1979,0.999099016
5/24/1979,1.001603007
5/25/1979,0.994090974
5/29/1979,0.991586983
5/30/1979,0.996595025
5/31/1979,0.98407501
6/1/1979,0.98407501
6/4/1979,0.991586983
6/5/1979,1.00661099
6/6/1979,1.004106998
6/7/1979,1.00661099
6/8/1979,1.004106998
6/11/1979,0.994090974
6/12/1979,0.991586983
6/13/1979,0.991586983
6/14/1979,0.989082992
6/15/1979,0.991586983
6/18/1979,0.98407501
6/19/1979,0.981571019
6/20/1979,0.976562977
6/21/1979,0.981571019
6/22/1979,0.986579001
6/25/1979,0.994090974
6/26/1979,0.994090974
6/27/1979,1.001603007
6/28/1979,1.004106998
6/29/1979,1.001603007
7/2/1979,0.996595025
7/3/1979,0.996595025
7/5/1979,0.999099016
7/6/1979,1.004106998
7/9/1979,1.021635056
7/10/1979,1.019130945
7/11/1979,1.009114981
7/12/1979,1.004106998
7/13/1979,1.00661099
7/16/1979,1.00661099
7/17/1979,1.009114981
7/18/1979,1.009114981
7/19/1979,1.009114981
7/20/1979,1.00661099
7/23/1979,1.001603007
7/24/1979,1.011618972
7/25/1979,1.021635056
7/26/1979,1.03165102
7/27/1979,1.03165102
7/30/1979,1.029147029
7/31/1979,1.034155011
8/1/1979,1.034155011
8/2/1979,1.029147029
8/3/1979,1.026643038
8/6/1979,1.03165102
8/7/1979,1.054187059
8/8/1979,1.064203024
8/9/1979,1.059195042
8/10/1979,1.081730962
8/13/1979,1.084234953
8/14/1979,1.089243054
8/15/1979,1.099259019
8/16/1979,1.096755028
8/17/1979,1.096755028
8/20/1979,1.099259019
8/21/1979,1.096755028
8/22/1979,1.086738944
8/23/1979,1.07672298
8/24/1979,1.066707015
8/27/1979,1.056691051
8/28/1979,1.056691051
8/29/1979,1.061699033
8/30/1979,1.064203024
8/31/1979,1.066707015
9/4/1979,1.059195042
9/5/1979,1.046674967
9/6/1979,1.044170976
9/7/1979,1.044170976
9/10/1979,1.039162993
9/11/1979,1.024139047
9/12/1979,1.026643038
9/13/1979,1.021635056
9/14/1979,1.026643038
9/17/1979,1.034155011
9/18/1979,1.014122963
9/19/1979,1.009114981
9/20/1979,1.026643038
9/21/1979,1.026643038
9/24/1979,1.024139047
9/25/1979,1.029147029
9/26/1979,1.021635056
9/27/1979,1.024139047
9/28/1979,1.016626954
10/1/1979,1.00661099
10/2/1979,1.021635056
10/3/1979,1.019130945
10/4/1979,1.03165102
10/5/1979,1.039162993
10/8/1979,1.026643038
10/9/1979,1.004106998
10/10/1979,0.986579001
10/11/1979,0.976562977
10/12/1979,0.976562977
10/15/1979,0.959034026
10/16/1979,0.954025984
10/17/1979,0.961538017
10/18/1979,0.956529975
10/19/1979,0.939001977
10/22/1979,0.941506028
10/23/1979,0.941506028
10/24/1979,0.941506028
10/25/1979,0.944010019
10/26/1979,0.956529975
10/29/1979,0.956529975
10/30/1979,0.979067028
10/31/1979,0.96904999
11/1/1979,0.96904999
11/2/1979,0.966545999
11/5/1979,0.961538017
11/6/1979,0.94651401
11/7/1979,0.931490004
11/8/1979,0.939001977
11/9/1979,0.936497986
11/12/1979,0.956529975
11/13/1979,0.944010019
11/14/1979,0.933993995
11/15/1979,0.931490004
11/16/1979,0.926482022
11/19/1979,0.913962007
11/20/1979,0.916465998
11/21/1979,0.928986013
11/23/1979,0.941506028
11/26/1979,0.954025984
11/27/1979,0.941506028
11/28/1979,0.941506028
11/29/1979,0.94651401
11/30/1979,0.923977971
12/3/1979,0.916465998
12/4/1979,0.918969989
12/5/1979,0.928986013
12/6/1979,0.931490004
12/7/1979,0.939001977
12/10/1979,0.933993995
12/11/1979,0.944010019
12/12/1979,0.954025984
12/13/1979,0.98407501
12/14/1979,0.966545999
12/17/1979,0.994090974
12/18/1979,0.974057972
12/19/1979,0.981571019
12/20/1979,0.986579001
12/21/1979,1.00661099
12/24/1979,1.011618972
12/26/1979,1.011618972
12/27/1979,1.019130945
12/28/1979,1.019130945
12/31/1979,1.014122963
1/2/1980,0.976562977
1/3/1980,0.989082992
1/4/1980,1.021635056
1/7/1980,1.056691051
1/8/1980,1.094251037
1/9/1980,1.081730962
1/10/1980,1.086738944
1/11/1980,1.084234953
1/14/1980,1.084234953
1/15/1980,1.059195042
1/16/1980,1.071714997
1/17/1980,1.071714997
1/18/1980,1.071714997
1/21/1980,1.094251037
1/22/1980,1.074218988
1/23/1980,1.096755028
1/24/1980,1.094251037
1/25/1980,1.099259019
1/28/1980,1.109274983
1/29/1980,1.089243054
1/30/1980,1.126803041
1/31/1980,1.10176301
2/1/1980,1.119290948
2/4/1980,1.10176301
2/5/1980,1.116786957
2/6/1980,1.126803041
2/7/1980,1.106770992
2/8/1980,1.096755028
2/11/1980,1.084234953
2/12/1980,1.089243054
2/13/1980,1.099259019
2/14/1980,1.081730962
2/15/1980,1.054187059
2/19/1980,1.039162993
2/20/1980,1.046674967
2/21/1980,1.026643038
2/22/1980,1.014122963
2/25/1980,0.999099016
2/26/1980,1.014122963
2/27/1980,0.999099016
2/28/1980,0.996595025
2/29/1980,1.00661099
3/3/1980,0.999099016
3/4/1980,0.996595025
3/5/1980,0.981571019
3/6/1980,0.96904999
3/7/1980,0.974057972
3/10/1980,0.976562977
3/11/1980,0.981571019
3/12/1980,0.976562977
3/13/1980,0.961538017
3/14/1980,0.959034026
3/17/1980,0.936497986
3/18/1980,0.949018002
3/19/1980,0.931490004
3/20/1980,0.916465998
3/21/1980,0.926482022
3/24/1980,0.908954024
3/25/1980,0.908954024
3/26/1980,0.911458015
3/27/1980,0.906449974
3/28/1980,0.956529975
3/31/1980,0.964042008
4/1/1980,0.94651401
4/2/1980,0.951521993
4/3/1980,0.96904999
4/7/1980,0.931490004
4/8/1980,0.936497986
4/9/1980,0.941506028
4/10/1980,0.954025984
4/11/1980,0.951521993
4/14/1980,0.954025984
4/15/1980,0.954025984
4/16/1980,0.928986013
4/17/1980,0.916465998
4/18/1980,0.896434009
4/21/1980,0.896434009
4/22/1980,0.916465998
4/23/1980,0.926482022
4/24/1980,0.933993995
4/25/1980,0.941506028
4/28/1980,0.94651401
4/29/1980,0.949018002
4/30/1980,0.951521993
5/1/1980,0.926482022
5/2/1980,0.918969989
5/5/1980,0.928986013
5/6/1980,0.928986013
5/7/1980,0.951521993
5/8/1980,0.944010019
5/9/1980,0.939001977
5/12/1980,0.936497986
5/13/1980,0.936497986
5/14/1980,0.933993995
5/15/1980,0.94651401
5/16/1980,0.941506028
5/19/1980,0.949018002
5/20/1980,0.949018002
5/21/1980,0.954025984
5/22/1980,0.96904999
5/23/1980,0.994090974
5/27/1980,0.999099016
5/28/1980,0.996595025
5/29/1980,0.989082992
5/30/1980,0.991586983
6/2/1980,0.976562977
6/3/1980,0.976562977
6/4/1980,0.994090974
6/5/1980,1.009114981
6/6/1980,1.014122963
6/9/1980,1.001603007
6/10/1980,1.004106998
6/11/1980,1.00661099
6/12/1980,1.001603007
6/13/1980,0.996595025
6/16/1980,1.001603007
6/17/1980,1.019130945
6/18/1980,1.011618972
6/19/1980,0.996595025
6/20/1980,1.004106998
6/23/1980,1.011618972
6/24/1980,1.021635056
6/25/1980,1.036659002
6/26/1980,1.03165102
6/27/1980,1.036659002
6/30/1980,1.03165102
7/1/1980,1.041666985
7/2/1980,1.066707015
7/3/1980,1.069211006
7/7/1980,1.066707015
7/8/1980,1.074218988
7/9/1980,1.069211006
7/10/1980,1.056691051
7/11/1980,1.07672298
7/14/1980,1.099259019
7/15/1980,1.091747046
7/16/1980,1.091747046
7/17/1980,1.104267001
7/18/1980,1.109274983
7/21/1980,1.106770992
7/22/1980,1.094251037
7/23/1980,1.089243054
7/24/1980,1.079226971
7/25/1980,1.081730962
7/28/1980,1.086738944
7/29/1980,1.099259019
7/30/1980,1.121795058
7/31/1980,1.126803041
8/1/1980,1.121795058
8/4/1980,1.121795058
8/5/1980,1.126803041
8/6/1980,1.111778975
8/7/1980,1.116786957
8/8/1980,1.129307032
8/11/1980,1.14683497
8/12/1980,1.14683497
8/13/1980,1.136819005
8/14/1980,1.161859035
8/15/1980,1.154346943
8/18/1980,1.134315014
8/19/1980,1.121795058
8/20/1980,1.129307032
8/21/1980,1.141826987
8/22/1980,1.134315014
8/25/1980,1.121795058
8/26/1980,1.121795058
8/27/1980,1.099259019
8/28/1980,1.091747046
8/29/1980,1.091747046
9/2/1980,1.104267001
9/3/1980,1.106770992
9/4/1980,1.10176301
9/5/1980,1.084234953
9/8/1980,1.049178958
9/9/1980,1.064203024
9/10/1980,1.071714997
9/11/1980,1.07672298
9/12/1980,1.074218988
9/15/1980,1.074218988
9/16/1980,1.059195042
9/17/1980,1.094251037
9/18/1980,1.091747046
9/19/1980,1.091747046
9/22/1980,1.116786957
9/23/1980,1.094251037
9/24/1980,1.089243054
9/25/1980,1.084234953
9/26/1980,1.074218988
9/29/1980,1.046674967
9/30/1980,1.054187059
10/1/1980,1.044170976
10/2/1980,1.051682949
10/3/1980,1.07672298
10/6/1980,1.10176301
10/7/1980,1.089243054
10/8/1980,1.084234953
10/9/1980,1.089243054
10/10/1980,1.071714997
10/13/1980,1.074218988
10/14/1980,1.07672298
10/15/1980,1.081730962
10/16/1980,1.084234953
10/17/1980,1.07672298
10/20/1980,1.069211006
10/21/1980,1.079226971
10/22/1980,1.074218988
10/23/1980,1.051682949
10/24/1980,1.046674967
10/27/1980,1.044170976
10/28/1980,1.049178958
10/29/1980,1.066707015
10/30/1980,1.079226971
10/31/1980,1.084234953
11/3/1980,1.089243054
11/5/1980,1.116786957
11/6/1980,1.096755028
11/7/1980,1.091747046
11/10/1980,1.10176301
11/11/1980,1.119290948
11/12/1980,1.136819005
11/13/1980,1.154346943
11/14/1980,1.166867018
11/17/1980,1.166867018
11/18/1980,1.191907048
11/19/1980,1.209434986
11/20/1980,1.231971025
11/21/1980,1.246994972
11/24/1980,1.249498963
11/25/1980,1.249498963
11/26/1980,1.24198699
11/28/1980,1.239482999
12/1/1980,1.206930995
12/2/1980,1.19691503
12/3/1980,1.199419022
12/4/1980,1.229467034
12/5/1980,1.184394956
12/8/1980,1.166867018
12/9/1980,1.166867018
12/10/1980,1.141826987
12/11/1980,1.131811023
12/12/1980,1.14683497
12/15/1980,1.141826987
12/16/1980,1.161859035
12/17/1980,1.161859035
12/18/1980,1.154346943
12/19/1980,1.161859035
12/22/1980,1.201923013
12/23/1980,1.214442968
12/24/1980,1.206930995
12/26/1980,1.216946959
12/29/1980,1.204427004
12/30/1980,1.204427004
12/31/1980,1.226963043
1/2/1981,1.239482999
1/5/1981,1.279546976
1/6/1981,1.292067051
1/7/1981,1.272035003
1/8/1981,1.257011056
1/9/1981,1.26702702
1/12/1981,1.26702702
1/13/1981,1.252002954
1/14/1981,1.221954942
1/15/1981,1.224459052
1/16/1981,1.221954942
1/19/1981,1.221954942
1/20/1981,1.19691503
1/21/1981,1.194411039
1/22/1981,1.199419022
1/23/1981,1.214442968
1/26/1981,1.24198699
1/27/1981,1.249498963
1/28/1981,1.244490981
1/29/1981,1.231971025
1/30/1981,1.226963043
2/2/1981,1.214442968
2/3/1981,1.216946959
2/4/1981,1.211938977
2/5/1981,1.229467034
2/6/1981,1.24198699
2/9/1981,1.252002954
2/10/1981,1.264523029
2/11/1981,1.257011056
2/12/1981,1.249498963
2/13/1981,1.229467034
2/17/1981,1.236979008
2/18/1981,1.257011056
2/19/1981,1.252002954
2/20/1981,1.26702702
2/23/1981,1.297075033
2/24/1981,1.31209898
2/25/1981,1.342146993
2/26/1981,1.349658966
2/27/1981,1.33713901
3/2/1981,1.314602971
3/3/1981,1.307090998
3/4/1981,1.314602971
3/5/1981,1.304587007
3/6/1981,1.302083015
3/9/1981,1.342146993
3/10/1981,1.347154975
3/11/1981,1.332131028
3/12/1981,1.357171059
3/13/1981,1.342146993
3/16/1981,1.372195959
3/17/1981,1.349658966
3/18/1981,1.35967505
3/19/1981,1.344650984
3/20/1981,1.339643002
3/23/1981,1.342146993
3/24/1981,1.322114944
3/25/1981,1.342146993
3/26/1981,1.327123046
3/27/1981,1.309594989
3/30/1981,1.327123046
3/31/1981,1.342146993
4/1/1981,1.347154975
4/2/1981,1.367187977
4/3/1981,1.344650984
4/6/1981,1.332131028
4/7/1981,1.304587007
4/8/1981,1.317106962
4/9/1981,1.322114944
4/10/1981,1.332131028
4/13/1981,1.324619055
4/14/1981,1.309594989
4/15/1981,1.327123046
4/16/1981,1.319610953
4/20/1981,1.33713901
4/21/1981,1.334635019
4/22/1981,1.332131028
4/23/1981,1.342146993
4/24/1981,1.372195959
4/27/1981,1.39723599
4/28/1981,1.362179041
4/29/1981,1.324619055
4/30/1981,1.314602971
5/1/1981,1.307090998
5/4/1981,1.292067051
5/5/1981,1.274538994
5/6/1981,1.277042985
5/7/1981,1.279546976
5/8/1981,1.277042985
5/11/1981,1.264523029
5/12/1981,1.26702702
5/13/1981,1.26702702
5/14/1981,1.279546976
5/15/1981,1.294571042
5/18/1981,1.302083015
5/19/1981,1.302083015
5/20/1981,1.307090998
5/21/1981,1.309594989
5/22/1981,1.309594989
5/26/1981,1.324619055
5/27/1981,1.329627037
5/28/1981,1.324619055
5/29/1981,1.317106962
6/1/1981,1.322114944
6/2/1981,1.319610953
6/3/1981,1.327123046
6/4/1981,1.31209898
6/5/1981,1.322114944
6/8/1981,1.324619055
6/9/1981,1.314602971
6/10/1981,1.327123046
6/11/1981,1.339643002
6/12/1981,1.327123046
6/15/1981,1.327123046
6/16/1981,1.319610953
6/17/1981,1.317106962
6/18/1981,1.302083015
6/19/1981,1.294571042
6/22/1981,1.282050967
6/23/1981,1.292067051
6/24/1981,1.292067051
6/25/1981,1.287058949
6/26/1981,1.279546976
6/29/1981,1.259515047
6/30/1981,1.239482999
7/1/1981,1.216946959
7/2/1981,1.211938977
7/6/1981,1.211938977
7/7/1981,1.216946959
7/8/1981,1.229467034
7/9/1981,1.249498963
7/10/1981,1.269531012
7/13/1981,1.264523029
7/14/1981,1.272035003
7/15/1981,1.272035003
7/16/1981,1.26702702
7/17/1981,1.239482999
7/20/1981,1.206930995
7/21/1981,1.199419022
7/22/1981,1.191907048
7/23/1981,1.191907048
7/24/1981,1.19691503
7/27/1981,1.204427004
7/28/1981,1.19691503
7/29/1981,1.194411039
7/30/1981,1.204427004
7/31/1981,1.221954942
8/3/1981,1.209434986
8/4/1981,1.194411039
8/5/1981,1.216946959
8/6/1981,1.211938977
8/7/1981,1.201923013
8/10/1981,1.189403057
8/11/1981,1.216946959
8/12/1981,1.201923013
8/13/1981,1.191907048
8/14/1981,1.164363027
8/17/1981,1.161859035
8/18/1981,1.156851053
8/19/1981,1.14683497
8/20/1981,1.14683497
8/21/1981,1.14683497
8/24/1981,1.119290948
8/25/1981,1.131811023
8/26/1981,1.129307032
8/27/1981,1.116786957
8/28/1981,1.134315014
8/31/1981,1.119290948
9/1/1981,1.129307032
9/2/1981,1.126803041
9/3/1981,1.126803041
9/4/1981,1.111778975
9/8/1981,1.10176301
9/9/1981,1.086738944
9/10/1981,1.07672298
9/11/1981,1.096755028
9/14/1981,1.096755028
9/15/1981,1.081730962
9/16/1981,1.071714997
9/17/1981,1.054187059
9/18/1981,1.041666985
9/21/1981,1.071714997
9/22/1981,1.084234953
9/23/1981,1.066707015
9/24/1981,1.051682949
9/25/1981,1.044170976
9/28/1981,1.084234953
9/29/1981,1.099259019
9/30/1981,1.099259019
10/1/1981,1.129307032
10/2/1981,1.124299049
10/5/1981,1.131811023
10/6/1981,1.119290948
10/7/1981,1.136819005
10/8/1981,1.156851053
10/9/1981,1.136819005
10/12/1981,1.114282966
10/13/1981,1.134315014
10/14/1981,1.111778975
10/15/1981,1.121795058
10/16/1981,1.116786957
10/19/1981,1.104267001
10/20/1981,1.104267001
10/21/1981,1.106770992
10/22/1981,1.086738944
10/23/1981,1.07672298
10/26/1981,1.084234953
10/27/1981,1.086738944
10/28/1981,1.071714997
10/29/1981,1.064203024
10/30/1981,1.086738944
11/2/1981,1.114282966
11/3/1981,1.116786957
11/4/1981,1.131811023
11/5/1981,1.121795058
11/6/1981,1.106770992
11/9/1981,1.114282966
11/10/1981,1.121795058
11/11/1981,1.136819005
11/12/1981,1.144330978
11/13/1981,1.131811023
11/16/1981,1.109274983
11/17/1981,1.119290948
11/18/1981,1.109274983
11/19/1981,1.121795058
11/20/1981,1.141826987
11/23/1981,1.159355044
11/24/1981,1.186898947
11/25/1981,1.194411039
11/27/1981,1.204427004
11/30/1981,1.209434986
12/1/1981,1.19691503
12/2/1981,1.184394956
12/3/1981,1.199419022
12/4/1981,1.199419022
12/7/1981,1.201923013
12/8/1981,1.189403057
12/9/1981,1.191907048
12/10/1981,1.199419022
12/11/1981,1.194411039
12/14/1981,1.161859035
12/15/1981,1.176882982
12/16/1981,1.169371009
12/17/1981,1.171875
12/18/1981,1.174378991
12/21/1981,1.161859035
12/22/1981,1.161859035
12/23/1981,1.166867018
12/24/1981,1.161859035
12/28/1981,1.159355044
12/29/1981,1.14683497
12/30/1981,1.149338961
12/31/1981,1.149338961
1/4/1982,1.169371009
1/5/1982,1.149338961
1/6/1982,1.14683497
1/7/1982,1.154346943
1/8/1982,1.154346943
1/11/1982,1.131811023
1/12/1982,1.126803041
1/13/1982,1.116786957
1/14/1982,1.111778975
1/15/1982,1.121795058
1/18/1982,1.151842952
1/19/1982,1.154346943
1/20/1982,1.161859035
1/21/1982,1.186898947
1/22/1982,1.181890965
1/25/1982,1.176882982
1/26/1982,1.189403057
1/27/1982,1.201923013
1/28/1982,1.221954942
1/29/1982,1.252002954
2/1/1982,1.226963043
2/2/1982,1.244490981
2/3/1982,1.24198699
2/4/1982,1.252002954
2/5/1982,1.262019038
2/8/1982,1.24198699
2/9/1982,1.216946959
2/10/1982,1.229467034
2/11/1982,1.199419022
2/12/1982,1.201923013
2/16/1982,1.204427004
2/17/1982,1.201923013
2/18/1982,1.226963043
2/19/1982,1.229467034
2/22/1982,1.216946959
2/23/1982,1.221954942
2/24/1982,1.24198699
2/25/1982,1.259515047
2/26/1982,1.259515047
3/1/1982,1.26702702
3/2/1982,1.252002954
3/3/1982,1.224459052
3/4/1982,1.204427004
3/5/1982,1.206930995
3/8/1982,1.201923013
3/9/1982,1.214442968
3/10/1982,1.214442968
3/11/1982,1.214442968
3/12/1982,1.186898947
3/15/1982,1.199419022
3/16/1982,1.191907048
3/17/1982,1.19691503
3/18/1982,1.209434986
3/19/1982,1.201923013
3/22/1982,1.219450951
3/23/1982,1.236979008
3/24/1982,1.229467034
3/25/1982,1.236979008
3/26/1982,1.231971025
3/29/1982,1.246994972
3/30/1982,1.249498963
3/31/1982,1.269531012
4/1/1982,1.289562941
4/2/1982,1.287058949
4/5/1982,1.287058949
4/6/1982,1.292067051
4/7/1982,1.277042985
4/8/1982,1.287058949
4/12/1982,1.279546976
4/13/1982,1.279546976
4/14/1982,1.272035003
4/15/1982,1.279546976
4/16/1982,1.279546976
4/19/1982,1.292067051
4/20/1982,1.272035003
4/21/1982,1.277042985
4/22/1982,1.284554958
4/23/1982,1.302083015
4/26/1982,1.319610953
4/27/1982,1.317106962
4/28/1982,1.31209898
4/29/1982,1.287058949
4/30/1982,1.284554958
5/3/1982,1.289562941
5/4/1982,1.31209898
5/5/1982,1.319610953
5/6/1982,1.307090998
5/7/1982,1.307090998
5/10/1982,1.284554958
5/11/1982,1.282050967
5/12/1982,1.269531012
5/13/1982,1.259515047
5/14/1982,1.254506946
5/17/1982,1.246994972
5/18/1982,1.244490981
5/19/1982,1.246994972
5/20/1982,1.246994972
5/21/1982,1.254506946
5/24/1982,1.254506946
5/25/1982,1.24198699
5/26/1982,1.244490981
5/27/1982,1.246994972
5/28/1982,1.239482999
6/1/1982,1.236979008
6/2/1982,1.244490981
6/3/1982,1.219450951
6/4/1982,1.214442968
6/7/1982,1.211938977
6/8/1982,1.214442968
6/9/1982,1.216946959
6/10/1982,1.221954942
6/11/1982,1.24198699
6/14/1982,1.226963043
6/15/1982,1.226963043
6/16/1982,1.226963043
6/17/1982,1.216946959
6/18/1982,1.211938977
6/21/1982,1.216946959
6/22/1982,1.24198699
6/23/1982,1.254506946
6/24/1982,1.26702702
6/25/1982,1.249498963
6/28/1982,1.269531012
6/29/1982,1.277042985
6/30/1982,1.274538994
7/1/1982,1.272035003
7/2/1982,1.272035003
7/6/1982,1.289562941
7/7/1982,1.272035003
7/8/1982,1.297075033
7/9/1982,1.319610953
7/12/1982,1.372195959
7/13/1982,1.354666948
7/14/1982,1.372195959
7/15/1982,1.364683032
7/16/1982,1.389724016
7/19/1982,1.377203941
7/20/1982,1.377203941
7/21/1982,1.362179041
7/22/1982,1.357171059
7/23/1982,1.349658966
7/26/1982,1.349658966
7/27/1982,1.329627037
7/28/1982,1.319610953
7/29/1982,1.324619055
7/30/1982,1.317106962
8/2/1982,1.347154975
8/3/1982,1.352162957
8/4/1982,1.322114944
8/5/1982,1.314602971
8/6/1982,1.289562941
8/9/1982,1.289562941
8/10/1982,1.284554958
8/11/1982,1.264523029
8/12/1982,1.262019038
8/13/1982,1.282050967
8/16/1982,1.282050967
8/17/1982,1.369691968
8/18/1982,1.362179041
8/19/1982,1.369691968
8/20/1982,1.402243972
8/23/1982,1.424780011
8/24/1982,1.414764047
8/25/1982,1.427284002
8/26/1982,1.462339997
8/27/1982,1.452324033
8/30/1982,1.472355962
8/31/1982,1.507411957
9/1/1982,1.484876037
9/2/1982,1.524940014
9/3/1982,1.565003991
9/7/1982,1.539963961
9/8/1982,1.517428041
9/9/1982,1.497395992
9/10/1982,1.49238801
9/13/1982,1.527444005
9/14/1982,1.534955978
9/15/1982,1.532451987
9/16/1982,1.524940014
9/17/1982,1.517428041
9/20/1982,1.512420058
9/21/1982,1.547476053
9/22/1982,1.547476053
9/23/1982,1.542467952
9/24/1982,1.519932032
9/27/1982,1.544971943
9/28/1982,1.522436023
9/29/1982,1.504907966
9/30/1982,1.497395992
10/1/1982,1.53745997
10/4/1982,1.522436023
10/5/1982,1.529947996
10/6/1982,1.612579942
10/7/1982,1.627604008
10/8/1982,1.647636056
10/11/1982,1.662660003
10/12/1982,1.655148029
10/13/1982,1.667667985
10/14/1982,1.625100017
10/15/1982,1.597555995
10/18/1982,1.700219989
10/19/1982,1.680187941
10/20/1982,1.705227971
10/21/1982,1.705227971
10/22/1982,1.707731962
10/25/1982,1.670171976
10/26/1982,1.685196042
10/27/1982,1.697715998
10/28/1982,1.687700033
10/29/1982,1.720252037
11/1/1982,1.760316968
11/2/1982,1.780349016
11/3/1982,1.870493054
11/4/1982,1.822916985
11/5/1982,1.840445042
11/8/1982,1.797876954
11/9/1982,1.830428958
11/10/1982,1.802885056
11/11/1982,1.822916985
11/12/1982,1.815405011
11/15/1982,1.770333052
11/16/1982,1.757812977
11/17/1982,1.782853007
11/18/1982,1.815405011
11/19/1982,1.81290102
11/22/1982,1.755308032
11/23/1982,1.760316968
11/24/1982,1.772837043
11/26/1982,1.772837043
11/29/1982,1.780349016
11/30/1982,1.852964997
12/1/1982,1.837941051
12/2/1982,1.835437059
12/3/1982,1.835437059
12/6/1982,1.913061023
12/7/1982,1.950621009
12/8/1982,1.943109035
12/9/1982,1.908053041
12/10/1982,1.878005028
12/13/1982,1.88301301
12/14/1982,1.870493054
12/15/1982,1.830428958
12/16/1982,1.842949033
12/17/1982,1.855468988
12/20/1982,1.860476971
12/21/1982,1.923076987
12/22/1982,1.953125
12/23/1982,1.960636973
12/27/1982,1.988180995
12/28/1982,1.943109035
12/29/1982,1.958132982
12/30/1982,1.915565014
12/31/1982,1.900540948
1/3/1983,1.837941051
1/4/1983,1.875501037
1/5/1983,1.862980962
1/6/1983,1.910557032
1/7/1983,1.935596943
1/10/1983,1.985677004
1/11/1983,1.960636973
1/12/1983,1.953125
1/13/1983,1.938101053
1/14/1983,1.92808497
1/17/1983,1.933092952
1/18/1983,1.933092952
1/19/1983,1.915565014
1/20/1983,1.903045058
1/21/1983,1.880509019
1/24/1983,1.842949033
1/25/1983,1.872997046
1/26/1983,1.85797298
1/27/1983,1.908053041
1/28/1983,1.995692968
1/31/1983,2.073317051
2/1/1983,2.020733118
2/2/1983,2.008213043
2/3/1983,2.003205061
2/4/1983,2.013221025
2/7/1983,2.063301086
2/8/1983,2.038260937
2/9/1983,2.053284883
2/10/1983,2.075820923
2/11/1983,2.058293104
2/14/1983,2.078325033
2/15/1983,2.043268919
2/16/1983,2.038260937
2/17/1983,2.038260937
2/18/1983,2.078325033
2/22/1983,2.080828905
2/23/1983,2.143429041
2/24/1983,2.178486109
2/25/1983,2.175981998
2/28/1983,2.173477888
3/1/1983,2.223557949
3/2/1983,2.163461924
3/3/1983,2.143429041
3/4/1983,2.175981998
3/7/1983,2.163461924
3/8/1983,2.088340998
3/9/1983,2.115885019
3/10/1983,2.063301086
3/11/1983,2.053284883
3/14/1983,2.068309069
3/15/1983,2.070812941
3/16/1983,2.045773029
3/17/1983,2.050781012
3/18/1983,2.040765047
3/21/1983,2.063301086
3/22/1983,2.063301086
3/23/1983,2.120893002
3/24/1983,2.113380909
3/25/1983,2.103364944
3/28/1983,2.085836887
3/29/1983,2.098356962
3/30/1983,2.133413076
3/31/1983,2.103364944
4/4/1983,2.085836887
4/5/1983,2.088340998
4/6/1983,2.068309069
4/7/1983,2.075820923
4/8/1983,2.113380909
4/11/1983,2.168469906
4/12/1983,2.153445959
4/13/1983,2.163461924
4/14/1983,2.178486109
4/15/1983,2.178486109
4/18/1983,2.223557949
4/19/1983,2.223557949
4/20/1983,2.243590117
4/21/1983,2.221054077
4/22/1983,2.185997963
4/25/1983,2.163461924
4/26/1983,2.218549967
4/27/1983,2.185997963
4/28/1983,2.213541985
4/29/1983,2.241086006
5/2/1983,2.183494091
5/3/1983,2.20352602
5/4/1983,2.213541985
5/5/1983,2.216046095
5/6/1983,2.233573914
5/9/1983,2.218549967
5/10/1983,2.223557949
5/11/1983,2.188502073
5/12/1983,2.178486109
5/13/1983,2.20102191
5/16/1983,2.193510056
5/17/1983,2.163461924
5/18/1983,2.128405094
5/19/1983,2.110877037
5/20/1983,2.103364944
5/23/1983,2.118388891
5/24/1983,2.123397112
5/25/1983,2.125900984
5/26/1983,2.118388891
5/27/1983,2.085836887
5/31/1983,2.070812941
6/1/1983,2.103364944
6/2/1983,2.163461924
6/3/1983,2.193510056
6/6/1983,2.20352602
6/7/1983,2.218549967
6/8/1983,2.228565931
6/9/1983,2.193510056
6/10/1983,2.168469906
6/13/1983,2.178486109
6/14/1983,2.208534002
6/15/1983,2.283653975
6/16/1983,2.303685904
6/17/1983,2.27363801
6/20/1983,2.263622046
6/21/1983,2.303685904
6/22/1983,2.283653975
6/23/1983,2.258614063
6/24/1983,2.223557949
6/27/1983,2.148437977
6/28/1983,2.103364944
6/29/1983,2.153445959
6/30/1983,2.20352602
7/1/1983,2.183494091
7/5/1983,2.148437977
7/6/1983,2.143429041
7/7/1983,2.123397112
7/8/1983,2.133413076
7/11/1983,2.148437977
7/12/1983,2.103364944
7/13/1983,2.108372927
7/14/1983,2.078325033
7/15/1983,2.028244972
7/18/1983,2.008213043
7/19/1983,2.033252954
7/20/1983,2.133413076
7/21/1983,2.153445959
7/22/1983,2.143429041
7/25/1983,2.168469906
7/26/1983,2.158453941
7/27/1983,2.108372927
7/28/1983,2.043268919
7/29/1983,1.998196959
8/1/1983,1.963140965
8/2/1983,1.963140965
8/3/1983,1.988180995
8/4/1983,1.933092952
8/5/1983,1.933092952
8/8/1983,1.898036957
8/9/1983,1.933092952
8/10/1983,1.983173013
8/11/1983,1.973157048
8/12/1983,1.968148947
8/15/1983,1.993188977
8/16/1983,1.953125
8/17/1983,1.918069005
8/18/1983,1.898036957
8/19/1983,1.908053041
8/22/1983,1.913061023
8/23/1983,1.908053041
8/24/1983,1.893028975
8/25/1983,1.893028975
8/26/1983,1.933092952
8/29/1983,1.958132982
8/30/1983,1.97816503
8/31/1983,2.048276901
9/1/1983,2.013221025
9/2/1983,2.033252954
9/6/1983,2.073317051
9/7/1983,2.058293104
9/8/1983,2.058293104
9/9/1983,2.053284883
9/12/1983,1.998196959
9/13/1983,1.983173013
9/14/1983,2.003205061
9/15/1983,1.988180995
9/16/1983,2.003205061
9/19/1983,2.013221025
9/20/1983,2.028244972
9/21/1983,2.008213043
9/22/1983,2.073317051
9/23/1983,2.088340998
9/26/1983,2.118388891
9/27/1983,2.098356962
9/28/1983,2.09334898
9/29/1983,2.098356962
9/30/1983,2.113380909
10/3/1983,2.158453941
10/4/1983,2.178486109
10/5/1983,2.218549967
10/6/1983,2.213541985
10/7/1983,2.243590117
10/10/1983,2.238581896
10/11/1983,2.163461924
10/12/1983,2.133413076
10/13/1983,2.143429041
10/14/1983,2.128405094
10/17/1983,2.153445959
10/18/1983,2.123397112
10/19/1983,2.138421059
10/20/1983,2.143429041
10/21/1983,2.108372927
10/24/1983,2.058293104
10/25/1983,2.083333015
10/26/1983,2.083333015
10/27/1983,2.113380909
10/28/1983,2.083333015
10/31/1983,2.073317051
11/1/1983,2.063301086
11/2/1983,2.098356962
11/3/1983,2.078325033
11/4/1983,2.078325033
11/7/1983,2.073317051
11/8/1983,2.118388891
11/9/1983,2.173477888
11/10/1983,2.193510056
11/11/1983,2.20352602
11/14/1983,2.243590117
11/15/1983,2.223557949
11/16/1983,2.208534002
11/17/1983,2.20352602
11/18/1983,2.223557949
11/21/1983,2.258614063
11/22/1983,2.243590117
11/23/1983,2.27363801
11/25/1983,2.263622046
11/28/1983,2.268630028
11/29/1983,2.323718071
11/30/1983,2.288661957
12/1/1983,2.298677921
12/2/1983,2.283653975
12/5/1983,2.298677921
12/6/1983,2.313702106
12/7/1983,2.338742018
12/8/1983,2.313702106
12/9/1983,2.303685904
12/12/1983,2.318710089
12/13/1983,2.313702106
12/14/1983,2.263622046
12/15/1983,2.208534002
12/16/1983,2.208534002
12/19/1983,2.238581896
12/20/1983,2.258614063
12/21/1983,2.308693886
12/22/1983,2.34375
12/23/1983,2.333734035
12/27/1983,2.338742018
12/28/1983,2.333734035
12/29/1983,2.338742018
12/30/1983,2.348757982
1/3/1984,2.308693886
1/4/1984,2.323718071
1/5/1984,2.338742018
1/6/1984,2.323718071
1/9/1984,2.318710089
1/10/1984,2.303685904
1/11/1984,2.318710089
1/12/1984,2.308693886
1/13/1984,2.288661957
1/16/1984,2.288661957
1/17/1984,2.303685904
1/18/1984,2.27363801
1/19/1984,2.278645992
1/20/1984,2.243590117
1/23/1984,2.243590117
1/24/1984,2.208534002
1/25/1984,2.163461924
1/26/1984,2.168469906
1/27/1984,2.153445959
1/30/1984,2.153445959
1/31/1984,2.178486109
2/1/1984,2.20352602
2/2/1984,2.223557949
2/3/1984,2.183494091
2/6/1984,2.118388891
2/7/1984,2.158453941
2/8/1984,2.138421059
2/9/1984,2.123397112
2/10/1984,2.143429041
2/13/1984,2.098356962
2/14/1984,2.133413076
2/15/1984,2.138421059
2/16/1984,2.133413076
2/17/1984,2.113380909
2/21/1984,2.078325033
2/22/1984,2.083333015
2/23/1984,2.083333015
2/24/1984,2.153445959
2/27/1984,2.123397112
2/28/1984,2.088340998
2/29/1984,2.083333015
3/1/1984,2.078325033
3/2/1984,2.09334898
3/5/1984,2.073317051
3/6/1984,2.063301086
3/7/1984,2.008213043
3/8/1984,1.983173013
3/9/1984,1.97816503
3/12/1984,2.028244972
3/13/1984,2.068309069
3/14/1984,2.088340998
3/15/1984,2.108372927
3/16/1984,2.138421059
3/19/1984,2.118388891
3/20/1984,2.123397112
3/21/1984,2.113380909
3/22/1984,2.073317051
3/23/1984,2.088340998
3/26/1984,2.083333015
3/27/1984,2.103364944
3/28/1984,2.188502073
3/29/1984,2.208534002
3/30/1984,2.198518038
4/2/1984,2.163461924
4/3/1984,2.148437977
4/4/1984,2.153445959
4/5/1984,2.068309069
4/6/1984,2.068309069
4/9/1984,2.063301086
4/10/1984,2.073317051
4/11/1984,2.073317051
4/12/1984,2.143429041
4/13/1984,2.138421059
4/16/1984,2.20352602
4/17/1984,2.188502073
4/18/1984,2.183494091
4/19/1984,2.183494091
4/23/1984,2.148437977
4/24/1984,2.208534002
4/25/1984,2.213541985
4/26/1984,2.248598099
4/27/1984,2.218549967
4/30/1984,2.223557949
5/1/1984,2.243590117
5/2/1984,2.258614063
5/3/1984,2.223557949
5/4/1984,2.183494091
5/7/1984,2.188502073
5/8/1984,2.213541985
5/9/1984,2.198518038
5/10/1984,2.193510056
5/11/1984,2.178486109
5/14/1984,2.168469906
5/15/1984,2.178486109
5/16/1984,2.173477888
5/17/1984,2.158453941
5/18/1984,2.143429041
5/21/1984,2.133413076
5/22/1984,2.118388891
5/23/1984,2.103364944
5/24/1984,2.073317051
5/25/1984,2.09334898
5/29/1984,2.043268919
5/30/1984,2.083333015
5/31/1984,2.128405094
6/1/1984,2.133413076
6/4/1984,2.143429041
6/5/1984,2.128405094
6/6/1984,2.133413076
6/7/1984,2.143429041
6/8/1984,2.138421059
6/11/1984,2.108372927
6/12/1984,2.123397112
6/13/1984,2.123397112
6/14/1984,2.113380909
6/15/1984,2.113380909
6/18/1984,2.138421059
6/19/1984,2.148437977
6/20/1984,2.168469906
6/21/1984,2.148437977
6/22/1984,2.163461924
6/25/1984,2.148437977
6/26/1984,2.138421059
6/27/1984,2.103364944
6/28/1984,2.113380909
6/29/1984,2.108372927
7/2/1984,2.108372927
7/3/1984,2.118388891
7/5/1984,2.098356962
7/6/1984,2.083333015
7/9/1984,2.088340998
7/10/1984,2.073317051
7/11/1984,2.003205061
7/12/1984,1.97816503
7/13/1984,2.028244972
7/16/1984,2.033252954
7/17/1984,2.013221025
7/18/1984,1.993188977
7/19/1984,1.958132982
7/20/1984,1.958132982
7/23/1984,1.973157048
7/24/1984,1.943109035
7/25/1984,1.983173013
7/26/1984,2.018229008
7/27/1984,2.058293104
7/30/1984,2.068309069
7/31/1984,2.103364944
8/1/1984,2.138421059
8/2/1984,2.188502073
8/3/1984,2.27363801
8/6/1984,2.263622046
8/7/1984,2.303685904
8/8/1984,2.27363801
8/9/1984,2.328726053
8/10/1984,2.313702106
8/13/1984,2.318710089
8/14/1984,2.323718071
8/15/1984,2.27363801
8/16/1984,2.313702106
8/17/1984,2.298677921
8/20/1984,2.303685904
8/21/1984,2.34375
8/22/1984,2.293669939
8/23/1984,2.328726053
8/24/1984,2.328726053
8/27/1984,2.293669939
8/28/1984,2.303685904
8/29/1984,2.283653975
8/30/1984,2.268630028
8/31/1984,2.268630028
9/4/1984,2.243590117
9/5/1984,2.253606081
9/6/1984,2.268630028
9/7/1984,2.238581896
9/10/1984,2.243590117
9/11/1984,2.283653975
9/12/1984,2.288661957
9/13/1984,2.358773947
9/14/1984,2.34375
9/17/1984,2.358773947
9/18/1984,2.34375
9/19/1984,2.258614063
9/20/1984,2.243590117
9/21/1984,2.213541985
9/24/1984,2.238581896
9/25/1984,2.233573914
9/26/1984,2.228565931
9/27/1984,2.253606081
9/28/1984,2.233573914
10/1/1984,2.213541985
10/2/1984,2.173477888
10/3/1984,2.158453941
10/4/1984,2.168469906
10/5/1984,2.158453941
10/8/1984,2.153445959
10/9/1984,2.163461924
10/10/1984,2.193510056
10/11/1984,2.208534002
10/12/1984,2.243590117
10/15/1984,2.263622046
10/16/1984,2.243590117
10/17/1984,2.263622046
10/18/1984,2.318710089
10/19/1984,2.34375
10/22/1984,2.318710089
10/23/1984,2.293669939
10/24/1984,2.303685904
10/25/1984,2.298677921
10/26/1984,2.27363801
10/29/1984,2.278645992
10/30/1984,2.333734035
10/31/1984,2.303685904
11/1/1984,2.303685904
11/2/1984,2.293669939
11/5/1984,2.308693886
11/6/1984,2.34375
11/7/1984,2.313702106
11/8/1984,2.313702106
11/9/1984,2.313702106
11/12/1984,2.318710089
11/13/1984,2.278645992
11/14/1984,2.288661957
11/15/1984,2.298677921
11/16/1984,2.258614063
11/19/1984,2.253606081
11/20/1984,2.278645992
11/21/1984,2.313702106
11/23/1984,2.303685904
11/26/1984,2.27363801
11/27/1984,2.298677921
11/28/1984,2.258614063
11/29/1984,2.248598099
11/30/1984,2.218549967
12/3/1984,2.208534002
12/4/1984,2.208534002
12/5/1984,2.188502073
12/6/1984,2.158453941
12/7/1984,2.153445959
12/10/1984,2.183494091
12/11/1984,2.20352602
12/12/1984,2.193510056
12/13/1984,2.20352602
12/14/1984,2.193510056
12/17/1984,2.20352602
12/18/1984,2.268630028
12/19/1984,2.27363801
12/20/1984,2.248598099
12/21/1984,2.258614063
12/24/1984,2.288661957
12/26/1984,2.27363801
12/27/1984,2.263622046
12/28/1984,2.263622046
12/31/1984,2.268630028
1/2/1985,2.243590117
1/3/1985,2.253606081
1/4/1985,2.243590117
1/7/1985,2.268630028
1/8/1985,2.27363801
1/9/1985,2.298677921
1/10/1985,2.353765965
1/11/1985,2.323718071
1/14/1985,2.383814096
1/15/1985,2.373797894
1/16/1985,2.363781929
1/17/1985,2.388822079
1/18/1985,2.423877954
1/21/1985,2.539062977
1/22/1985,2.509013891
1/23/1985,2.574119091
1/24/1985,2.539062977
1/25/1985,2.554086924
1/28/1985,2.544070959
1/29/1985,2.599159002
1/30/1985,2.559094906
1/31/1985,2.559094906
2/1/1985,2.519030094
2/4/1985,2.564102888
2/5/1985,2.539062977
2/6/1985,2.534054041
2/7/1985,2.579127073
2/8/1985,2.569111109
2/11/1985,2.529046059
2/12/1985,2.534054041
2/13/1985,2.59415102
2/14/1985,2.544070959
2/15/1985,2.529046059
2/19/1985,2.544070959
2/20/1985,2.544070959
2/21/1985,2.514022112
2/22/1985,2.498997927
2/25/1985,2.498997927
2/26/1985,2.579127073
2/27/1985,2.559094906
2/28/1985,2.549078941
3/1/1985,2.569111109
3/4/1985,2.549078941
3/5/1985,2.564102888
3/6/1985,2.539062977
3/7/1985,2.514022112
3/8/1985,2.504005909
3/11/1985,2.509013891
3/12/1985,2.509013891
3/13/1985,2.48397398
3/14/1985,2.478965998
3/15/1985,2.453926086
3/18/1985,2.438901901
3/19/1985,2.519030094
3/20/1985,2.498997927
3/21/1985,2.48397398
3/22/1985,2.478965998
3/25/1985,2.443909883
3/26/1985,2.393830061
3/27/1985,2.403846025
3/28/1985,2.368789911
3/29/1985,2.368789911
4/1/1985,2.398838043
4/2/1985,2.41386199
4/3/1985,2.418869972
4/4/1985,2.41386199
4/8/1985,2.383814096
4/9/1985,2.378806114
4/10/1985,2.368789911
4/11/1985,2.383814096
4/12/1985,2.388822079
4/15/1985,2.378806114
4/16/1985,2.373797894
4/17/1985,2.373797894
4/18/1985,2.363781929
4/19/1985,2.358773947
4/22/1985,2.368789911
4/23/1985,2.443909883
4/24/1985,2.428885937
4/25/1985,2.423877954
4/26/1985,2.408854008
4/29/1985,2.368789911
4/30/1985,2.368789911
5/1/1985,2.333734035
5/2/1985,2.333734035
5/3/1985,2.348757982
5/6/1985,2.348757982
5/7/1985,2.383814096
5/8/1985,2.368789911
5/9/1985,2.378806114
5/10/1985,2.423877954
5/13/1985,2.408854008
5/14/1985,2.358773947
5/15/1985,2.378806114
5/16/1985,2.363781929
5/17/1985,2.393830061
5/20/1985,2.463942051
5/21/1985,2.453926086
5/22/1985,2.458934069
5/23/1985,2.423877954
5/24/1985,2.423877954
5/28/1985,2.428885937
5/29/1985,2.423877954
5/30/1985,2.418869972
5/31/1985,2.428885937
6/3/1985,2.443909883
6/4/1985,2.488981962
6/5/1985,2.509013891
6/6/1985,2.498997927
6/7/1985,2.468950033
6/10/1985,2.448918104
6/11/1985,2.448918104
6/12/1985,2.428885937
6/13/1985,2.383814096
6/14/1985,2.388822079
6/17/1985,2.388822079
6/18/1985,2.408854008
6/19/1985,2.398838043
6/20/1985,2.403846025
6/21/1985,2.418869972
6/24/1985,2.41386199
6/25/1985,2.423877954
6/26/1985,2.443909883
6/27/1985,2.493989944
6/28/1985,2.478965998
7/1/1985,2.488981962
7/2/1985,2.48397398
7/3/1985,2.478965998
7/5/1985,2.473958015
7/8/1985,2.448918104
7/9/1985,2.433893919
7/10/1985,2.448918104
7/11/1985,2.433893919
7/12/1985,2.433893919
7/15/1985,2.443909883
7/16/1985,2.519030094
7/17/1985,2.534054041
7/18/1985,2.498997927
7/19/1985,2.514022112
7/22/1985,2.514022112
7/23/1985,2.544070959
7/24/1985,2.549078941
7/25/1985,2.544070959
7/26/1985,2.559094906
7/29/1985,2.544070959
7/30/1985,2.549078941
7/31/1985,2.569111109
8/1/1985,2.579127073
8/2/1985,2.569111109
8/5/1985,2.564102888
8/6/1985,2.524038076
8/7/1985,2.504005909
8/8/1985,2.488981962
8/9/1985,2.468950033
8/12/1985,2.453926086
8/13/1985,2.448918104
8/14/1985,2.428885937
8/15/1985,2.418869972
8/16/1985,2.41386199
8/19/1985,2.41386199
8/20/1985,2.448918104
8/21/1985,2.468950033
8/22/1985,2.428885937
8/23/1985,2.403846025
8/26/1985,2.418869972
8/27/1985,2.433893919
8/28/1985,2.463942051
8/29/1985,2.478965998
8/30/1985,2.443909883
9/3/1985,2.428885937
9/4/1985,2.41386199
9/5/1985,2.41386199
9/6/1985,2.448918104
9/9/1985,2.448918104
9/10/1985,2.418869972
9/11/1985,2.393830061
9/12/1985,2.388822079
9/13/1985,2.403846025
9/16/1985,2.393830061
9/17/1985,2.363781929
9/18/1985,2.383814096
9/19/1985,2.368789911
9/20/1985,2.358773947
9/23/1985,2.373797894
9/24/1985,2.313702106
9/25/1985,2.293669939
9/26/1985,2.293669939
9/30/1985,2.303685904
10/1/1985,2.333734035
10/2/1985,2.323718071
10/3/1985,2.313702106
10/4/1985,2.278645992
10/7/1985,2.27363801
10/8/1985,2.303685904
10/9/1985,2.313702106
10/10/1985,2.313702106
10/11/1985,2.34375
10/14/1985,2.393830061
10/15/1985,2.373797894
10/16/1985,2.473958015
10/17/1985,2.418869972
10/18/1985,2.398838043
10/21/1985,2.388822079
10/22/1985,2.398838043
10/23/1985,2.383814096
10/24/1985,2.383814096
10/25/1985,2.358773947
10/28/1985,2.348757982
10/29/1985,2.358773947
10/30/1985,2.333734035
10/31/1985,2.308693886
11/1/1985,2.403846025
11/4/1985,2.403846025
11/5/1985,2.443909883
11/6/1985,2.453926086
11/7/1985,2.423877954
11/8/1985,2.453926086
11/11/1985,2.514022112
11/12/1985,2.529046059
11/13/1985,2.539062977
11/14/1985,2.564102888
11/15/1985,2.564102888
11/18/1985,2.624198914
11/19/1985,2.614182949
11/20/1985,2.609174967
11/21/1985,2.66426301
11/22/1985,2.639223099
11/25/1985,2.604166985
11/26/1985,2.604166985
11/27/1985,2.644231081
11/29/1985,2.629206896
12/2/1985,2.584135056
12/3/1985,2.584135056
12/4/1985,2.639223099
12/5/1985,2.634215117
12/6/1985,2.619190931
12/9/1985,2.669270992
12/10/1985,2.709335089
12/11/1985,2.719351053
12/12/1985,2.729367018
12/13/1985,2.844551086
12/16/1985,2.939703941
12/17/1985,2.879606962
12/18/1985,2.844551086
12/19/1985,2.849559069
12/20/1985,2.854567051
12/23/1985,2.794471025
12/24/1985,2.819510937
12/26/1985,2.839543104
12/27/1985,2.87459898
12/30/1985,2.894630909
12/31/1985,2.914663076
1/2/1986,2.879606962
1/3/1986,2.87459898
1/6/1986,2.869590998
1/7/1986,2.934695959
1/8/1986,2.834534883
1/9/1986,2.799479008
1/10/1986,2.794471025
1/13/1986,2.809494972
1/14/1986,2.779447079
1/15/1986,2.734375
1/16/1986,2.80448699
1/17/1986,2.789463043
1/20/1986,2.759414911
1/21/1986,2.724359035
1/22/1986,2.684294939
1/23/1986,2.709335089
1/24/1986,2.754406929
1/27/1986,2.784455061
1/28/1986,2.809494972
1/29/1986,2.799479008
1/30/1986,2.754406929
1/31/1986,2.839543104
2/3/1986,2.914663076
2/4/1986,2.929687977
2/5/1986,2.924679041
2/6/1986,2.924679041
2/7/1986,2.98477602
2/10/1986,2.98477602
2/11/1986,2.954727888
2/12/1986,2.919671059
2/13/1986,2.939703941
2/14/1986,2.999799967
2/18/1986,3.039864063
2/19/1986,3.004807949
2/20/1986,3.069911957
2/21/1986,3.125
2/24/1986,3.094952106
2/25/1986,3.024840117
2/26/1986,3.024840117
2/27/1986,3.119992018
2/28/1986,3.104968071
3/3/1986,3.069911957
3/4/1986,3.014823914
3/5/1986,3.009815931
3/6/1986,3.009815931
3/7/1986,2.974760056
3/10/1986,2.994791985
3/11/1986,3.094952106
3/12/1986,3.084935904
3/13/1986,3.069911957
3/14/1986,3.130007982
3/17/1986,3.104968071
3/18/1986,3.135015965
3/19/1986,3.114984035
3/20/1986,3.140023947
3/21/1986,3.044872046
3/24/1986,3.089943886
3/25/1986,3.064903975
3/26/1986,3.140023947
3/27/1986,3.125
3/31/1986,3.145031929
4/1/1986,3.089943886
4/2/1986,3.094952106
4/3/1986,3.024840117
4/4/1986,2.954727888
4/7/1986,2.914663076
4/8/1986,3.019831896
4/9/1986,3.049880028
4/10/1986,3.05488801
4/11/1986,3.009815931
4/14/1986,3.074919939
4/15/1986,3.099960089
4/16/1986,3.125
4/17/1986,3.145031929
4/18/1986,3.094952106
4/21/1986,3.190104008
4/22/1986,3.155047894
4/23/1986,3.160056114
4/24/1986,3.135015965
4/25/1986,3.19511199
4/28/1986,3.305288076
4/29/1986,3.220151901
4/30/1986,3.130007982
5/1/1986,3.084935904
5/2/1986,3.079927921
5/5/1986,3.135015965
5/6/1986,3.099960089
5/7/1986,3.094952106
5/8/1986,3.135015965
5/9/1986,3.079927921
5/12/1986,3.049880028
5/13/1986,3.044872046
5/14/1986,3.104968071
5/15/1986,3.039864063
5/16/1986,3.029848099
5/19/1986,3.064903975
5/20/1986,3.089943886
5/21/1986,3.064903975
5/22/1986,3.125
5/23/1986,3.200119972
5/27/1986,3.235176086
5/28/1986,3.245192051
5/29/1986,3.240184069
5/30/1986,3.19511199
6/2/1986,3.205127954
6/3/1986,3.275239944
6/4/1986,3.255208015
6/5/1986,3.270231962
6/6/1986,3.275239944
6/9/1986,3.170072079
6/10/1986,3.205127954
6/11/1986,3.190104008
6/12/1986,3.19511199
6/13/1986,3.275239944
6/16/1986,3.290263891
6/17/1986,3.275239944
6/18/1986,3.255208015
6/19/1986,3.215143919
6/20/1986,3.245192051
6/23/1986,3.215143919
6/24/1986,3.250200033
6/25/1986,3.275239944
6/26/1986,3.250200033
6/27/1986,3.230168104
6/30/1986,3.245192051
7/1/1986,3.290263891
7/2/1986,3.255208015
7/3/1986,3.215143919
7/7/1986,3.074919939
7/8/1986,3.059895992
7/9/1986,3.069911957
7/10/1986,3.064903975
7/11/1986,3.05488801
7/14/1986,3.044872046
7/15/1986,3.009815931
7/16/1986,3.024840117
7/17/1986,3.034856081
7/18/1986,3.029848099
7/21/1986,3.014823914
7/22/1986,2.999799967
7/23/1986,3.004807949
7/24/1986,2.954727888
7/25/1986,2.979768038
7/28/1986,2.919671059
7/29/1986,2.924679041
7/30/1986,2.969752073
7/31/1986,2.924679041
8/1/1986,2.884614944
8/4/1986,2.934695959
8/5/1986,2.944711924
8/6/1986,2.944711924
8/7/1986,2.939703941
8/8/1986,2.934695959
8/11/1986,3.029848099
8/12/1986,3.049880028
8/13/1986,3.079927921
8/14/1986,3.084935904
8/15/1986,3.079927921
8/18/1986,3.069911957
8/19/1986,3.029848099
8/20/1986,3.049880028
8/21/1986,3.014823914
8/22/1986,3.004807949
8/25/1986,3.009815931
8/26/1986,3.084935904
8/27/1986,3.119992018
8/28/1986,3.150039911
8/29/1986,3.150039911
9/2/1986,3.034856081
9/3/1986,3.05488801
9/4/1986,3.150039911
9/5/1986,3.104968071
9/8/1986,3.150039911
9/9/1986,3.145031929
9/10/1986,3.114984035
9/11/1986,2.964744091
9/12/1986,2.87459898
9/15/1986,2.909655094
9/16/1986,2.924679041
9/17/1986,2.899638891
9/18/1986,2.899638891
9/19/1986,2.849559069
9/22/1986,2.934695959
9/23/1986,2.884614944
9/24/1986,2.944711924
9/25/1986,2.884614944
9/26/1986,2.904647112
9/29/1986,2.864583015
9/30/1986,2.879606962
10/1/1986,2.914663076
10/2/1986,2.87459898
10/3/1986,2.849559069
10/6/1986,2.869590998
10/7/1986,2.869590998
10/8/1986,2.944711924
10/9/1986,2.954727888
10/10/1986,2.959736109
10/13/1986,2.999799967
10/14/1986,3.029848099
10/15/1986,3.079927921
10/16/1986,3.089943886
10/17/1986,3.074919939
10/20/1986,3.05488801
10/21/1986,3.034856081
10/22/1986,3.05488801
10/23/1986,3.064903975
10/24/1986,3.059895992
10/27/1986,3.029848099
10/28/1986,3.044872046
10/29/1986,3.049880028
10/30/1986,3.074919939
10/31/1986,3.05488801
11/3/1986,3.099960089
11/4/1986,3.145031929
11/5/1986,3.165064096
11/6/1986,3.125
11/7/1986,3.125
11/10/1986,3.135015965
11/11/1986,3.160056114
11/12/1986,3.135015965
11/13/1986,3.059895992
11/14/1986,3.079927921
11/17/1986,3.069911957
11/18/1986,2.994791985
11/19/1986,3.034856081
11/20/1986,3.104968071
11/21/1986,3.165064096
11/24/1986,3.230168104
11/25/1986,3.355369091
11/26/1986,3.345352888
11/28/1986,3.325320959
12/1/1986,3.345352888
12/2/1986,3.400440931
12/3/1986,3.545672894
12/4/1986,3.510617018
12/5/1986,3.465544939
12/8/1986,3.515625
12/9/1986,3.465544939
12/10/1986,3.470552921
12/11/1986,3.425481081
12/12/1986,3.380409002
12/15/1986,3.420473099
12/16/1986,3.505609035
12/17/1986,3.465544939
12/18/1986,3.475560904
12/19/1986,3.515625
12/22/1986,3.485577106
12/23/1986,3.495593071
12/24/1986,3.515625
12/26/1986,3.505609035
12/29/1986,3.475560904
12/30/1986,3.485577106
12/31/1986,3.44551301
1/2/1987,3.500601053
1/5/1987,3.610776901
1/6/1987,3.58573699
1/7/1987,3.645833015
1/8/1987,3.605768919
1/9/1987,3.610776901
1/12/1987,3.620793104
1/13/1987,3.625801086
1/14/1987,3.645833015
1/15/1987,3.715945959
1/16/1987,3.76602602
1/19/1987,3.801081896
1/20/1987,3.871193886
1/21/1987,3.891226053
1/22/1987,4.066505909
1/23/1987,3.941306114
1/26/1987,3.961338043
1/27/1987,4.041466236
1/28/1987,4.066505909
1/29/1987,4.006410122
1/30/1987,4.016426086
2/2/1987,4.061498165
2/3/1987,4.001401901
2/4/1987,4.001401901
2/5/1987,4.056489944
2/6/1987,3.996393919
2/9/1987,4.011417866
2/10/1987,3.936297894
2/11/1987,3.981369972
2/12/1987,3.931289911
2/13/1987,4.146635056
2/17/1987,4.136619091
2/18/1987,4.101562977
2/19/1987,4.026442051
2/20/1987,4.04647398
2/23/1987,4.02143383
2/24/1987,4.086537838
2/25/1987,4.116587162
2/26/1987,4.096553802
2/27/1987,4.141626835
3/2/1987,4.15665102
3/3/1987,4.151642799
3/4/1987,4.236779213
3/5/1987,4.331931114
3/6/1987,4.311899185
3/9/1987,4.311899185
3/10/1987,4.291866779
3/11/1987,4.286859035
3/12/1987,4.266827106
3/13/1987,4.211739063
3/16/1987,4.186698914
3/17/1987,4.266827106
3/18/1987,4.221755028
3/19/1987,4.216746807
3/20/1987,4.296875
3/23/1987,4.417067051
3/24/1987,4.447114944
3/25/1987,4.41205883
3/26/1987,4.422074795
3/27/1987,4.326922894
3/30/1987,4.226762772
3/31/1987,4.201723099
4/1/1987,4.206730843
4/2/1987,4.241786957
4/3/1987,4.397035122
4/6/1987,4.477162838
4/7/1987,4.331931114
4/8/1987,4.366987228
4/9/1987,4.286859035
4/10/1987,4.286859035
4/13/1987,4.091546059
4/14/1987,4.026442051
4/15/1987,4.226762772
4/16/1987,4.136619091
4/20/1987,4.106571198
4/21/1987,4.251802921
4/22/1987,4.161658764
4/23/1987,4.151642799
4/24/1987,4.126603127
4/27/1987,4.101562977
4/28/1987,4.111578941
4/29/1987,4.106571198
4/30/1987,4.146635056
5/1/1987,4.106571198
5/4/1987,4.146635056
5/5/1987,4.251802921
5/6/1987,4.261818886
5/7/1987,4.216746807
5/8/1987,4.151642799
5/11/1987,4.101562977
5/12/1987,4.146635056
5/13/1987,4.166666985
5/14/1987,4.221755028
5/15/1987,4.106571198
5/18/1987,4.041466236
5/19/1987,3.986377954
5/20/1987,4.006410122
5/21/1987,4.036458015
5/22/1987,4.026442051
5/26/1987,4.246795177
5/27/1987,4.106571198
5/28/1987,4.246795177
5/29/1987,4.166666985
6/1/1987,4.116587162
6/2/1987,4.236779213
6/3/1987,4.296875
6/4/1987,4.286859035
6/5/1987,4.246795177
6/8/1987,4.326922894
6/9/1987,4.296875
6/10/1987,4.266827106
6/11/1987,4.266827106
6/12/1987,4.316906929
6/15/1987,4.377003193
6/16/1987,4.316906929
6/17/1987,4.266827106
6/18/1987,4.286859035
6/19/1987,4.276843071
6/22/1987,4.447114944
6/23/1987,4.407051086
6/24/1987,4.397035122
6/25/1987,4.477162838
6/26/1987,4.467146873
6/29/1987,4.487178802
6/30/1987,4.356970787
7/1/1987,4.326922894
7/2/1987,4.407051086
7/6/1987,4.407051086
7/7/1987,4.477162838
7/8/1987,4.537260056
7/9/1987,4.467146873
7/10/1987,4.43709898
7/13/1987,4.397035122
7/14/1987,4.487178802
7/15/1987,4.417067051
7/16/1987,4.477162838
7/17/1987,4.467146873
7/20/1987,4.427083015
7/21/1987,4.467146873
7/22/1987,4.497196198
7/23/1987,4.54727602
7/24/1987,4.54727602
7/27/1987,4.577323914
7/28/1987,4.627404213
7/29/1987,4.697515965
7/30/1987,4.727563858
7/31/1987,4.747595787
8/3/1987,4.697515965
8/4/1987,4.637420177
8/5/1987,4.727563858
8/6/1987,4.867787838
8/7/1987,4.837739944
8/10/1987,4.957932949
8/11/1987,5.158253193
8/12/1987,5.088140965
8/13/1987,5.148237228
8/14/1987,5.128204823
8/17/1987,5.21834898
8/18/1987,5.088140965
8/19/1987,5.118188858
8/20/1987,5.278446198
8/21/1987,5.258412838
8/24/1987,5.168269157
8/25/1987,5.258412838
8/26/1987,5.138220787
8/27/1987,5.038061142
8/28/1987,5.008012772
8/31/1987,5.008012772
9/1/1987,4.847755909
9/2/1987,4.847755909
9/3/1987,4.887821198
9/4/1987,4.777644157
9/8/1987,4.767628193
9/9/1987,4.807692051
9/10/1987,4.867787838
9/11/1987,4.907853127
9/14/1987,4.927885056
9/15/1987,4.787660122
9/16/1987,4.727563858
9/17/1987,4.787660122
9/18/1987,4.797676086
9/21/1987,4.777644157
9/22/1987,5.008012772
9/23/1987,4.967948914
9/24/1987,4.887821198
9/25/1987,4.907853127
9/28/1987,4.987980843
9/29/1987,4.907853127
9/30/1987,4.927885056
10/1/1987,4.987980843
10/2/1987,4.997996807
10/5/1987,5.018029213
10/6/1987,4.787660122
10/7/1987,4.917869091
10/8/1987,4.82772398
10/9/1987,4.667468071
10/12/1987,4.6875
10/13/1987,4.757612228
10/14/1987,4.567307949
10/15/1987,4.306890965
10/16/1987,4.066505909
10/19/1987,3.355369091
10/20/1987,3.635817051
10/21/1987,4.04647398
10/22/1987,3.776041985
10/23/1987,3.735977888
10/26/1987,3.415465117
10/27/1987,3.505609035
10/28/1987,3.515625
10/29/1987,3.65584898
10/30/1987,3.796073914
11/2/1987,3.776041985
11/3/1987,3.645833015
11/4/1987,3.525640965
11/5/1987,3.756010056
11/6/1987,3.695913076
11/9/1987,3.545672894
11/10/1987,3.475560904
11/11/1987,3.515625
11/12/1987,3.705929041
11/13/1987,3.685897112
11/16/1987,3.635817051
11/17/1987,3.605768919
11/18/1987,3.645833015
11/19/1987,3.555689096
11/20/1987,3.625801086
11/23/1987,3.625801086
11/24/1987,3.65584898
11/25/1987,3.625801086
11/27/1987,3.515625
11/30/1987,3.395432949
12/1/1987,3.365385056
12/2/1987,3.335336924
12/3/1987,3.19511199
12/4/1987,3.205127954
12/7/1987,3.325320959
12/8/1987,3.385416985
12/9/1987,3.515625
12/10/1987,3.425481081
12/11/1987,3.495593071
12/14/1987,3.625801086
12/15/1987,3.645833015
12/16/1987,3.735977888
12/17/1987,3.605768919
12/18/1987,3.675880909
12/21/1987,3.685897112
12/22/1987,3.786057949
12/23/1987,3.745994091
12/24/1987,3.685897112
12/28/1987,3.595752954
12/29/1987,3.545672894
12/30/1987,3.615784883
12/31/1987,3.535656929
1/4/1988,3.725961924
1/5/1988,3.745994091
1/6/1988,3.76602602
1/7/1988,3.786057949
1/8/1988,3.475560904
1/11/1988,3.545672894
1/12/1988,3.525640965
1/13/1988,3.545672894
1/14/1988,3.565705061
1/15/1988,3.705929041
1/18/1988,3.705929041
1/19/1988,3.645833015
1/20/1988,3.485577106
1/21/1988,3.465544939
1/22/1988,3.545672894
1/25/1988,3.545672894
1/26/1988,3.475560904
1/27/1988,3.415465117
1/28/1988,3.535656929
1/29/1988,3.615784883
2/1/1988,3.525640965
2/2/1988,3.535656929
2/3/1988,3.44551301
2/4/1988,3.485577106
2/5/1988,3.405448914
2/8/1988,3.385416985
2/9/1988,3.415465117
2/10/1988,3.465544939
2/11/1988,3.455528975
2/12/1988,3.465544939
2/16/1988,3.515625
2/17/1988,3.515625
2/18/1988,3.465544939
2/19/1988,3.465544939
2/22/1988,3.605768919
2/23/1988,3.555689096
2/24/1988,3.515625
2/25/1988,3.44551301
2/26/1988,3.495593071
2/29/1988,3.645833015
3/1/1988,3.605768919
3/2/1988,3.615784883
3/3/1988,3.58573699
3/4/1988,3.535656929
3/7/1988,3.475560904
3/8/1988,3.595752954
3/9/1988,3.545672894
3/10/1988,3.44551301
3/11/1988,3.495593071
3/14/1988,3.495593071
3/15/1988,3.495593071
3/16/1988,3.555689096
3/17/1988,3.575721025
3/18/1988,3.525640965
3/21/1988,3.485577106
3/22/1988,3.465544939
3/23/1988,3.415465117
3/24/1988,3.355369091
3/25/1988,3.245192051
3/28/1988,3.285255909
3/29/1988,3.295272112
3/30/1988,3.225159883
3/31/1988,3.235176086
4/4/1988,3.215143919
4/5/1988,3.255208015
4/6/1988,3.345352888
4/7/1988,3.305288076
4/8/1988,3.405448914
4/11/1988,3.385416985
4/12/1988,3.405448914
4/13/1988,3.435497046
4/14/1988,3.255208015
4/15/1988,3.205127954
4/18/1988,3.165064096
4/19/1988,3.165064096
4/20/1988,3.145031929
4/21/1988,3.175080061
4/22/1988,3.215143919
4/25/1988,3.285255909
4/26/1988,3.26522398
4/27/1988,3.26522398
4/28/1988,3.225159883
4/29/1988,3.235176086
5/2/1988,3.285255909
5/3/1988,3.275239944
5/4/1988,3.19511199
5/5/1988,3.205127954
5/6/1988,3.165064096
5/9/1988,3.19511199
5/10/1988,3.165064096
5/11/1988,3.104968071
5/12/1988,3.125
5/13/1988,3.155047894
5/16/1988,3.245192051
5/17/1988,3.19511199
5/18/1988,3.155047894
5/19/1988,3.235176086
5/20/1988,3.225159883
5/23/1988,3.175080061
5/24/1988,3.215143919
5/25/1988,3.19511199
5/26/1988,3.205127954
5/27/1988,3.205127954
5/31/1988,3.365385056
6/1/1988,3.405448914
6/2/1988,3.385416985
6/3/1988,3.415465117
6/6/1988,3.425481081
6/7/1988,3.385416985
6/8/1988,3.495593071
6/9/1988,3.455528975
6/10/1988,3.44551301
6/13/1988,3.475560904
6/14/1988,3.505609035
6/15/1988,3.485577106
6/16/1988,3.465544939
6/17/1988,3.465544939
6/20/1988,3.455528975
6/21/1988,3.485577106
6/22/1988,3.505609035
6/23/1988,3.495593071
6/24/1988,3.505609035
6/27/1988,3.415465117
6/28/1988,3.475560904
6/29/1988,3.44551301
6/30/1988,3.515625
7/1/1988,3.515625
7/5/1988,3.565705061
7/6/1988,3.465544939
7/7/1988,3.535656929
7/8/1988,3.465544939
7/11/1988,3.505609035
7/12/1988,3.415465117
7/13/1988,3.465544939
7/14/1988,3.465544939
7/15/1988,3.505609035
7/18/1988,3.44551301
7/19/1988,3.405448914
7/20/1988,3.44551301
7/21/1988,3.365385056
7/22/1988,3.305288076
7/25/1988,3.345352888
7/26/1988,3.325320959
7/27/1988,3.255208015
7/28/1988,3.355369091
7/29/1988,3.425481081
8/1/1988,3.415465117
8/2/1988,3.395432949
8/3/1988,3.385416985
8/4/1988,3.365385056
8/5/1988,3.345352888
8/8/1988,3.325320959
8/9/1988,3.275239944
8/10/1988,3.215143919
8/11/1988,3.205127954
8/12/1988,3.225159883
8/15/1988,3.165064096
8/16/1988,3.185096025
8/17/1988,3.225159883
8/18/1988,3.205127954
8/19/1988,3.185096025
8/22/1988,3.135015965
8/23/1988,3.135015965
8/24/1988,3.205127954
8/25/1988,3.215143919
8/26/1988,3.185096025
8/29/1988,3.225159883
8/30/1988,3.245192051
8/31/1988,3.235176086
9/1/1988,3.19511199
9/2/1988,3.275239944
9/6/1988,3.305288076
9/7/1988,3.325320959
9/8/1988,3.315304041
9/9/1988,3.365385056
9/12/1988,3.405448914
9/13/1988,3.395432949
9/14/1988,3.395432949
9/15/1988,3.385416985
9/16/1988,3.465544939
9/19/1988,3.455528975
9/20/1988,3.455528975
9/21/1988,3.44551301
9/22/1988,3.435497046
9/23/1988,3.455528975
9/26/1988,3.415465117
9/27/1988,3.435497046
9/28/1988,3.465544939
9/29/1988,3.505609035
9/30/1988,3.475560904
10/3/1988,3.465544939
10/4/1988,3.435497046
10/5/1988,3.44551301
10/6/1988,3.435497046
10/7/1988,3.525640965
10/10/1988,3.535656929
10/11/1988,3.515625
10/12/1988,3.44551301
10/13/1988,3.465544939
10/14/1988,3.485577106
10/17/1988,3.515625
10/18/1988,3.575721025
10/19/1988,3.535656929
10/20/1988,3.605768919
10/21/1988,3.595752954
10/24/1988,3.565705061
10/25/1988,3.575721025
10/26/1988,3.575721025
10/27/1988,3.485577106
10/28/1988,3.485577106
10/31/1988,3.495593071
11/1/1988,3.505609035
11/2/1988,3.575721025
11/3/1988,3.545672894
11/4/1988,3.475560904
11/7/1988,3.495593071
11/8/1988,3.58573699
11/9/1988,3.575721025
11/10/1988,3.665864944
11/11/1988,3.565705061
11/14/1988,3.545672894
11/15/1988,3.525640965
11/16/1988,3.405448914
11/17/1988,3.475560904
11/18/1988,3.515625
11/21/1988,3.505609035
11/22/1988,3.525640965
11/23/1988,3.555689096
11/25/1988,3.505609035
11/28/1988,3.535656929
11/29/1988,3.58573699
11/30/1988,3.605768919
12/1/1988,3.565705061
12/2/1988,3.515625
12/5/1988,3.58573699
12/6/1988,3.65584898
12/7/1988,3.665864944
12/8/1988,3.705929041
12/9/1988,3.675880909
12/12/1988,3.685897112
12/13/1988,3.675880909
12/14/1988,3.605768919
12/15/1988,3.58573699
12/16/1988,3.605768919
12/19/1988,3.685897112
12/20/1988,3.665864944
12/21/1988,3.635817051
12/22/1988,3.615784883
12/23/1988,3.625801086
12/27/1988,3.58573699
12/28/1988,3.58573699
12/29/1988,3.615784883
12/30/1988,3.58573699
1/3/1989,3.525640965
1/4/1989,3.58573699
1/5/1989,3.575721025
1/6/1989,3.575721025
1/9/1989,3.575721025
1/10/1989,3.555689096
1/11/1989,3.555689096
1/12/1989,3.605768919
1/13/1989,3.605768919
1/16/1989,3.595752954
1/17/1989,3.625801086
1/18/1989,3.675880909
1/19/1989,3.665864944
1/20/1989,3.645833015
1/23/1989,3.625801086
1/24/1989,3.675880909
1/25/1989,3.675880909
1/26/1989,3.756010056
1/27/1989,3.796073914
1/30/1989,3.846153975
1/31/1989,3.876202106
2/1/1989,3.866185904
2/2/1989,3.856169939
2/3/1989,3.83613801
2/6/1989,3.846153975
2/7/1989,3.876202106
2/8/1989,3.806090117
2/9/1989,3.76602602
2/10/1989,3.705929041
2/13/1989,3.695913076
2/14/1989,3.65584898
2/15/1989,3.705929041
2/16/1989,3.685897112
2/17/1989,3.756010056
2/21/1989,3.76602602
2/22/1989,3.65584898
2/23/1989,3.695913076
2/24/1989,3.625801086
2/27/1989,3.685897112
2/28/1989,3.665864944
3/1/1989,3.605768919
3/2/1989,3.605768919
3/3/1989,3.58573699
3/6/1989,3.595752954
3/7/1989,3.615784883
3/8/1989,3.635817051
3/9/1989,3.645833015
3/10/1989,3.605768919
3/13/1989,3.65584898
3/14/1989,3.665864944
3/15/1989,3.675880909
3/16/1989,3.725961924
3/17/1989,3.595752954
3/20/1989,3.58573699
3/21/1989,3.605768919
3/22/1989,3.605768919
3/23/1989,3.525640965
3/27/1989,3.525640965
3/28/1989,3.545672894
3/29/1989,3.595752954
3/30/1989,3.565705061
3/31/1989,3.565705061
4/3/1989,3.615784883
4/4/1989,3.605768919
4/5/1989,3.605768919
4/6/1989,3.58573699
4/7/1989,3.615784883
4/10/1989,3.615784883
4/11/1989,3.625801086
4/12/1989,3.605768919
4/13/1989,3.625801086
4/14/1989,3.76602602
4/17/1989,3.776041985
4/18/1989,3.876202106
4/19/1989,3.83613801
4/20/1989,3.83613801
4/21/1989,3.876202106
4/24/1989,3.846153975
4/25/1989,3.83613801
4/26/1989,3.846153975
4/27/1989,3.896234035
4/28/1989,3.916265965
5/1/1989,3.90625
5/2/1989,3.916265965
5/3/1989,3.896234035
5/4/1989,3.886218071
5/5/1989,3.826122046
5/8/1989,3.816106081
5/9/1989,3.796073914
5/10/1989,3.83613801
5/11/1989,3.926281929
5/12/1989,4.086537838
5/15/1989,4.186698914
5/16/1989,4.146635056
5/17/1989,4.236779213
5/18/1989,4.266827106
5/19/1989,4.316906929
5/22/1989,4.296875
5/23/1989,4.236779213
5/24/1989,4.296875
5/25/1989,4.226762772
5/26/1989,4.346954823
5/30/1989,4.326922894
5/31/1989,4.377003193
6/1/1989,4.417067051
6/2/1989,4.467146873
6/5/1989,4.417067051
6/6/1989,4.407051086
6/7/1989,4.447114944
6/8/1989,4.366987228
6/9/1989,4.377003193
6/12/1989,4.346954823
6/13/1989,4.246795177
6/14/1989,4.266827106
6/15/1989,4.206730843
6/16/1989,4.276843071
6/19/1989,4.306890965
6/20/1989,4.276843071
6/21/1989,4.266827106
6/22/1989,4.296875
6/23/1989,4.387019157
6/26/1989,4.336938858
6/27/1989,4.306890965
6/28/1989,4.276843071
6/29/1989,4.196714878
6/30/1989,4.136619091
7/3/1989,4.176682949
7/5/1989,4.186698914
7/6/1989,4.176682949
7/7/1989,4.256811142
7/10/1989,4.306890965
7/11/1989,4.316906929
7/12/1989,4.356970787
7/13/1989,4.356970787
7/14/1989,4.377003193
7/17/1989,4.377003193
7/18/1989,4.346954823
7/19/1989,4.507212162
7/20/1989,4.467146873
7/21/1989,4.557291985
7/24/1989,4.517228127
7/25/1989,4.517228127
7/26/1989,4.557291985
7/27/1989,4.607371807
7/28/1989,4.607371807
7/31/1989,4.6875
8/1/1989,4.557291985
8/2/1989,4.567307949
8/3/1989,4.587339878
8/4/1989,4.557291985
8/7/1989,4.727563858
8/8/1989,4.6875
8/9/1989,4.677484035
8/10/1989,4.677484035
8/11/1989,4.617387772
8/14/1989,4.537260056
8/15/1989,4.577323914
8/16/1989,4.607371807
8/17/1989,4.627404213
8/18/1989,4.647436142
8/21/1989,4.527244091
8/22/1989,4.517228127
8/23/1989,4.567307949
8/24/1989,4.657452106
8/25/1989,4.697515965
8/28/1989,4.707531929
8/29/1989,4.667468071
8/30/1989,4.657452106
8/31/1989,4.617387772
9/1/1989,4.667468071
9/5/1989,4.667468071
9/6/1989,4.587339878
9/7/1989,4.537260056
9/8/1989,4.527244091
9/11/1989,4.537260056
9/12/1989,4.557291985
9/13/1989,4.447114944
9/14/1989,4.477162838
9/15/1989,4.587339878
9/18/1989,4.617387772
9/19/1989,4.567307949
9/20/1989,4.517228127
9/21/1989,4.447114944
9/22/1989,4.477162838
9/25/1989,4.43709898
9/26/1989,4.447114944
9/27/1989,4.487178802
9/28/1989,4.567307949
9/29/1989,4.527244091
10/2/1989,4.627404213
10/3/1989,4.6875
10/4/1989,4.717547894
10/5/1989,4.677484035
10/6/1989,4.717547894
10/9/1989,4.6875
10/10/1989,4.677484035
10/11/1989,4.657452106
10/12/1989,4.637420177
10/13/1989,4.356970787
10/16/1989,4.527244091
10/17/1989,4.527244091
10/18/1989,4.517228127
10/19/1989,4.537260056
10/20/1989,4.537260056
10/23/1989,4.487178802
10/24/1989,4.467146873
10/25/1989,4.427083015
10/26/1989,4.356970787
10/27/1989,4.296875
10/30/1989,4.326922894
10/31/1989,4.43709898
11/1/1989,4.43709898
11/2/1989,4.346954823
11/3/1989,4.316906929
11/6/1989,4.246795177
11/7/1989,4.286859035
11/8/1989,4.366987228
11/9/1989,4.346954823
11/10/1989,4.377003193
11/13/1989,4.467146873
11/14/1989,4.447114944
11/15/1989,4.54727602
11/16/1989,4.607371807
11/17/1989,4.767628193
11/20/1989,4.737579823
11/21/1989,4.777644157
11/22/1989,4.817708015
11/24/1989,4.817708015
11/27/1989,4.917869091
11/28/1989,4.947916985
11/29/1989,4.927885056
11/30/1989,4.967948914
12/1/1989,5.068109035
12/4/1989,5.058093071
12/5/1989,5.078125
12/6/1989,5.078125
12/7/1989,5.078125
12/8/1989,5.068109035
12/11/1989,5.058093071
12/12/1989,5.148237228
12/13/1989,5.148237228
12/14/1989,5.158253193
12/15/1989,5.148237228
12/18/1989,5.018029213
12/19/1989,5.028045177
12/20/1989,4.997996807
12/21/1989,5.038061142
12/22/1989,5.108172894
12/26/1989,5.078125
12/27/1989,5.108172894
12/28/1989,5.128204823
12/29/1989,5.168269157
1/2/1990,5.348557949
1/3/1990,5.338541985
1/4/1990,5.308494091
1/5/1990,5.258412838
1/8/1990,5.288462162
1/9/1990,5.178285122
1/10/1990,5.188301086
1/11/1990,5.188301086
1/12/1990,5.058093071
1/15/1990,5.018029213
1/16/1990,5.068109035
1/17/1990,5.048077106
1/18/1990,5.098156929
1/19/1990,5.198317051
1/22/1990,5.038061142
1/23/1990,5.028045177
1/24/1990,5.068109035
1/25/1990,4.967948914
1/26/1990,5.008012772
1/29/1990,4.947916985
1/30/1990,4.947916985
1/31/1990,4.987980843
2/1/1990,4.947916985
2/2/1990,4.947916985
2/5/1990,4.947916985
2/6/1990,4.967948914
2/7/1990,5.018029213
2/8/1990,5.048077106
2/9/1990,5.068109035
2/12/1990,4.987980843
2/13/1990,4.977964878
2/14/1990,4.987980843
2/15/1990,5.018029213
2/16/1990,4.967948914
2/20/1990,4.877803802
2/21/1990,4.847755909
2/22/1990,4.867787838
2/23/1990,4.847755909
2/26/1990,4.907853127
2/27/1990,4.967948914
2/28/1990,4.947916985
3/1/1990,4.93790102
3/2/1990,4.997996807
3/5/1990,4.947916985
3/6/1990,4.997996807
3/7/1990,5.018029213
3/8/1990,5.048077106
3/9/1990,5.018029213
3/12/1990,4.997996807
3/13/1990,4.967948914
3/14/1990,5.048077106
3/15/1990,5.068109035
3/16/1990,5.128204823
3/19/1990,5.198317051
3/20/1990,5.158253193
3/21/1990,5.138220787
3/22/1990,5.078125
3/23/1990,5.108172894
3/26/1990,5.128204823
3/27/1990,5.198317051
3/28/1990,5.198317051
3/29/1990,5.168269157
3/30/1990,5.148237228
4/2/1990,5.128204823
4/3/1990,5.208333015
4/4/1990,5.148237228
4/5/1990,5.158253193
4/6/1990,5.158253193
4/9/1990,5.168269157
4/10/1990,5.158253193
4/11/1990,5.198317051
4/12/1990,5.288462162
4/16/1990,5.348557949
4/17/1990,5.358573914
4/18/1990,5.32852602
4/19/1990,5.268428802
4/20/1990,5.248396873
4/23/1990,5.168269157
4/24/1990,5.158253193
4/25/1990,5.158253193
4/26/1990,5.178285122
4/27/1990,5.118188858
4/30/1990,5.128204823
5/1/1990,5.158253193
5/2/1990,5.188301086
5/3/1990,5.188301086
5/4/1990,5.238380909
5/7/1990,5.268428802
5/8/1990,5.318510056
5/9/1990,5.348557949
5/10/1990,5.388621807
5/11/1990,5.458734035
5/14/1990,5.488781929
5/15/1990,5.46875
5/16/1990,5.458734035
5/17/1990,5.448718071
5/18/1990,5.458734035
5/21/1990,5.478765965
5/22/1990,5.488781929
5/23/1990,5.478765965
5/24/1990,5.558894157
5/25/1990,5.478765965
5/29/1990,5.588942051
5/30/1990,5.558894157
5/31/1990,5.518829823
6/1/1990,5.568910122
6/4/1990,5.639021873
6/5/1990,5.598958015
6/6/1990,5.558894157
6/7/1990,5.548878193
6/8/1990,5.488781929
6/11/1990,5.518829823
6/12/1990,5.629005909
6/13/1990,5.629005909
6/14/1990,5.578926086
6/15/1990,5.618989944
6/18/1990,5.538862228
6/19/1990,5.598958015
6/20/1990,5.618989944
6/21/1990,5.618989944
6/22/1990,5.558894157
6/25/1990,5.558894157
6/26/1990,5.528845787
6/27/1990,5.538862228
6/28/1990,5.548878193
6/29/1990,5.548878193
7/2/1990,5.649037838
7/3/1990,5.699119091
7/5/1990,5.629005909
7/6/1990,5.659053802
7/9/1990,5.71915102
7/10/1990,5.669071198
7/11/1990,5.779246807
7/12/1990,5.879406929
7/13/1990,5.99959898
7/16/1990,5.989583015
7/17/1990,5.959535122
7/18/1990,5.959535122
7/19/1990,6.009614944
7/20/1990,5.929487228
7/23/1990,5.809295177
7/24/1990,5.839343071
7/25/1990,5.869390965
7/26/1990,5.849359035
7/27/1990,5.769230843
7/30/1990,5.809295177
7/31/1990,5.739182949
8/1/1990,5.769230843
8/2/1990,5.659053802
8/3/1990,5.588942051
8/6/1990,5.288462162
8/7/1990,5.388621807
8/8/1990,5.438702106
8/9/1990,5.448718071
8/10/1990,5.338541985
8/13/1990,5.408654213
8/14/1990,5.368589878
8/15/1990,5.308494091
8/16/1990,5.198317051
8/17/1990,5.128204823
8/20/1990,5.128204823
8/21/1990,4.957932949
8/22/1990,4.82772398
8/23/1990,4.6875
8/24/1990,4.917869091
8/27/1990,5.088140965
8/28/1990,5.038061142
8/29/1990,5.018029213
8/30/1990,4.957932949
8/31/1990,4.967948914
9/4/1990,4.907853127
9/5/1990,4.82772398
9/6/1990,4.807692051
9/7/1990,4.857771873
9/10/1990,4.897837162
9/11/1990,4.987980843
9/12/1990,4.967948914
9/13/1990,4.837739944
9/14/1990,4.767628193
9/17/1990,4.727563858
9/18/1990,4.697515965
9/19/1990,4.497196198
9/20/1990,4.417067051
9/21/1990,4.477162838
9/24/1990,4.366987228
9/25/1990,4.457130909
9/26/1990,4.407051086
9/27/1990,4.136619091
9/28/1990,4.366987228
10/1/1990,4.507212162
10/2/1990,4.467146873
10/3/1990,4.366987228
10/4/1990,4.356970787
10/5/1990,4.346954823
10/8/1990,4.366987228
10/9/1990,4.236779213
10/10/1990,4.166666985
10/11/1990,4.106571198
10/12/1990,4.246795177
10/15/1990,4.356970787
10/16/1990,4.126603127
10/17/1990,4.216746807
10/18/1990,4.366987228
10/19/1990,4.447114944
10/22/1990,4.306890965
10/23/1990,4.316906929
10/24/1990,4.15665102
10/25/1990,4.106571198
10/26/1990,4.04647398
10/29/1990,4.076521873
10/30/1990,4.226762772
10/31/1990,4.166666985
11/1/1990,4.196714878
11/2/1990,4.246795177
11/5/1990,4.316906929
11/6/1990,4.276843071
11/7/1990,4.166666985
11/8/1990,4.146635056
11/9/1990,4.306890965
11/12/1990,4.43709898
11/13/1990,4.447114944
11/14/1990,4.427083015
11/15/1990,4.407051086
11/16/1990,4.43709898
11/19/1990,4.43709898
11/20/1990,4.266827106
11/21/1990,4.306890965
11/23/1990,4.296875
11/26/1990,4.276843071
11/27/1990,4.286859035
11/28/1990,4.216746807
11/29/1990,4.256811142
11/30/1990,4.387019157
12/3/1990,4.356970787
12/4/1990,4.447114944
12/5/1990,4.567307949
12/6/1990,4.607371807
12/7/1990,4.607371807
12/10/1990,4.567307949
12/11/1990,4.54727602
12/12/1990,4.567307949
12/13/1990,4.517228127
12/14/1990,4.457130909
12/17/1990,4.43709898
12/18/1990,4.557291985
12/19/1990,4.537260056
12/20/1990,4.607371807
12/21/1990,4.647436142
12/24/1990,4.617387772
12/26/1990,4.597355843
12/27/1990,4.587339878
12/28/1990,4.597355843
12/31/1990,4.597355843
1/2/1991,4.527244091
1/3/1991,4.427083015
1/4/1991,4.377003193
1/7/1991,4.306890965
1/8/1991,4.346954823
1/9/1991,4.336938858
1/10/1991,4.336938858
1/11/1991,4.326922894
1/14/1991,4.336938858
1/15/1991,4.356970787
1/16/1991,4.377003193
1/17/1991,4.647436142
1/18/1991,4.637420177
1/21/1991,4.597355843
1/22/1991,4.537260056
1/23/1991,4.587339878
1/24/1991,4.6875
1/25/1991,4.797676086
1/28/1991,4.857771873
1/29/1991,4.857771873
1/30/1991,4.967948914
1/31/1991,5.128204823
2/1/1991,5.128204823
2/4/1991,5.21834898
2/5/1991,5.318510056
2/6/1991,5.338541985
2/7/1991,5.198317051
2/8/1991,5.228364944
2/11/1991,5.348557949
2/12/1991,5.348557949
2/13/1991,5.438702106
2/14/1991,5.398637772
2/15/1991,5.578926086
2/19/1991,5.578926086
2/20/1991,5.478765965
2/21/1991,5.458734035
2/22/1991,5.548878193
2/25/1991,5.60897398
2/26/1991,5.488781929
2/27/1991,5.558894157
2/28/1991,5.448718071
3/1/1991,5.518829823
3/4/1991,5.46875
3/5/1991,5.528845787
3/6/1991,5.488781929
3/7/1991,5.458734035
3/8/1991,5.348557949
3/11/1991,5.478765965
3/12/1991,5.438702106
3/13/1991,5.558894157
3/14/1991,5.488781929
3/15/1991,5.498797894
3/18/1991,5.508813858
3/19/1991,5.408654213
3/20/1991,5.348557949
3/21/1991,5.308494091
3/22/1991,5.308494091
3/25/1991,5.358573914
3/26/1991,5.618989944
3/27/1991,5.568910122
3/28/1991,5.578926086
4/1/1991,5.588942051
4/2/1991,5.779246807
4/3/1991,5.71915102
4/4/1991,5.759214878
4/5/1991,5.679087162
4/8/1991,5.739182949
4/9/1991,5.709135056
4/10/1991,5.799279213
4/11/1991,5.829327106
4/12/1991,5.849359035
4/15/1991,5.909454823
4/16/1991,5.99959898
4/17/1991,6.029646873
4/18/1991,6.009614944
4/19/1991,5.959535122
4/22/1991,5.879406929
4/23/1991,5.839343071
4/24/1991,5.809295177
4/25/1991,5.729166985
4/26/1991,5.749198914
4/29/1991,5.60897398
4/30/1991,5.669071198
5/1/1991,5.809295177
5/2/1991,5.809295177
5/3/1991,5.819311142
5/6/1991,5.839343071
5/7/1991,5.859375
5/8/1991,5.839343071
5/9/1991,5.899438858
5/10/1991,5.709135056
5/13/1991,5.729166985
5/14/1991,5.679087162
5/15/1991,5.679087162
5/16/1991,5.699119091
5/17/1991,5.729166985
5/20/1991,5.789262772
5/21/1991,5.819311142
5/22/1991,5.71915102
5/23/1991,5.789262772
5/24/1991,5.849359035
5/28/1991,5.939503193
5/29/1991,5.979567051
5/30/1991,6.129807949
5/31/1991,6.189904213
6/3/1991,6.209936142
6/4/1991,6.159855843
6/5/1991,6.059696198
6/6/1991,6.029646873
6/7/1991,5.939503193
6/10/1991,5.969551086
6/11/1991,6.029646873
6/12/1991,5.949519157
6/13/1991,5.99959898
6/14/1991,6.059696198
6/17/1991,5.979567051
6/18/1991,5.979567051
6/19/1991,5.939503193
6/20/1991,5.939503193
6/21/1991,6.009614944
6/24/1991,5.909454823
6/25/1991,5.899438858
6/26/1991,5.889422894
6/27/1991,5.979567051
6/28/1991,5.929487228
7/1/1991,5.99959898
7/2/1991,6.009614944
7/3/1991,5.929487228
7/5/1991,5.909454823
7/8/1991,5.99959898
7/9/1991,5.989583015
7/10/1991,5.949519157
7/11/1991,6.009614944
7/12/1991,6.029646873
7/15/1991,6.039662838
7/16/1991,5.919470787
7/17/1991,5.749198914
7/18/1991,5.859375
7/19/1991,5.899438858
7/22/1991,5.869390965
7/23/1991,5.789262772
7/24/1991,5.71915102
7/25/1991,5.809295177
7/26/1991,5.829327106
7/29/1991,5.829327106
7/30/1991,5.859375
7/31/1991,5.869390965
8/1/1991,5.849359035
8/2/1991,5.829327106
8/5/1991,5.769230843
8/6/1991,5.829327106
8/7/1991,5.909454823
8/8/1991,5.919470787
8/9/1991,5.899438858
8/12/1991,5.879406929
8/13/1991,5.869390965
8/14/1991,5.849359035
8/15/1991,5.819311142
8/16/1991,5.769230843
8/19/1991,5.639021873
8/20/1991,5.649037838
8/21/1991,5.839343071
8/22/1991,5.849359035
8/23/1991,5.989583015
8/26/1991,5.979567051
8/27/1991,5.939503193
8/28/1991,5.99959898
8/29/1991,5.989583015
8/30/1991,5.99959898
9/3/1991,5.939503193
9/4/1991,5.899438858
9/5/1991,5.789262772
9/6/1991,5.679087162
9/9/1991,5.649037838
9/10/1991,5.629005909
9/11/1991,5.639021873
9/12/1991,5.578926086
9/13/1991,5.438702106
9/16/1991,5.588942051
9/17/1991,5.538862228
9/18/1991,5.548878193
9/19/1991,5.568910122
9/20/1991,5.568910122
9/23/1991,5.528845787
9/24/1991,5.598958015
9/25/1991,5.518829823
9/26/1991,5.528845787
9/27/1991,5.518829823
9/30/1991,5.558894157
10/1/1991,5.598958015
10/2/1991,5.649037838
10/3/1991,5.538862228
10/4/1991,5.478765965
10/7/1991,5.388621807
10/8/1991,5.368589878
10/9/1991,5.238380909
10/10/1991,5.388621807
10/11/1991,5.32852602
10/14/1991,5.418670177
10/15/1991,5.60897398
10/16/1991,5.709135056
10/17/1991,5.729166985
10/18/1991,5.71915102
10/21/1991,5.689103127
10/22/1991,5.699119091
10/23/1991,5.769230843
10/24/1991,5.699119091
10/25/1991,5.538862228
10/28/1991,5.629005909
10/29/1991,5.679087162
10/30/1991,5.618989944
10/31/1991,5.528845787
11/1/1991,5.478765965
11/4/1991,5.488781929
11/5/1991,5.448718071
11/6/1991,5.488781929
11/7/1991,5.488781929
11/8/1991,5.508813858
11/11/1991,5.488781929
11/12/1991,5.538862228
11/13/1991,5.578926086
11/14/1991,5.639021873
11/15/1991,5.398637772
11/18/1991,5.498797894
11/19/1991,5.458734035
11/20/1991,5.368589878
11/21/1991,5.348557949
11/22/1991,5.318510056
11/25/1991,5.268428802
11/26/1991,5.268428802
11/27/1991,5.248396873
11/29/1991,5.188301086
12/2/1991,5.268428802
12/3/1991,5.178285122
12/4/1991,5.088140965
12/5/1991,4.997996807
12/6/1991,5.118188858
12/9/1991,5.198317051
12/10/1991,5.208333015
12/11/1991,5.268428802
12/12/1991,5.338541985
12/13/1991,5.438702106
12/16/1991,5.428686142
12/17/1991,5.478765965
12/18/1991,5.46875
12/19/1991,5.458734035
12/20/1991,5.588942051
12/23/1991,5.769230843
12/24/1991,5.919470787
12/26/1991,6.019630909
12/27/1991,5.929487228
12/30/1991,6.159855843
12/31/1991,6.129807949
1/2/1992,6.139823914
1/3/1992,6.10977602
1/6/1992,6.079728127
1/7/1992,6.049678802
1/8/1992,6.039662838
1/9/1992,5.959535122
1/10/1992,5.969551086
1/13/1992,6.029646873
1/14/1992,6.10977602
1/15/1992,6.179887772
1/16/1992,6.25
1/17/1992,6.370192051
1/20/1992,6.450321198
1/21/1992,6.25
1/22/1992,6.370192051
1/23/1992,6.330128193
1/24/1992,6.280047894
1/27/1992,6.270031929
1/28/1992,6.260015965
1/29/1992,6.199920177
1/30/1992,6.129807949
1/31/1992,6.029646873
2/3/1992,6.089744091
2/4/1992,6.159855843
2/5/1992,6.209936142
2/6/1992,6.209936142
2/7/1992,6.189904213
2/10/1992,6.199920177
2/11/1992,6.169871807
2/12/1992,6.239984035
2/13/1992,6.199920177
2/14/1992,6.179887772
2/18/1992,6.179887772
2/19/1992,6.280047894
2/20/1992,6.440303802
2/21/1992,6.440303802
2/24/1992,6.430287838
2/25/1992,6.360176086
2/26/1992,6.360176086
2/27/1992,6.320112228
2/28/1992,6.300079823
3/2/1992,6.370192051
3/3/1992,6.290063858
3/4/1992,6.219952106
3/5/1992,6.229968071
3/6/1992,6.209936142
3/9/1992,6.209936142
3/10/1992,6.229968071
3/11/1992,6.179887772
3/12/1992,6.179887772
3/13/1992,6.25
3/16/1992,6.25
3/17/1992,6.300079823
3/18/1992,6.290063858
3/19/1992,6.260015965
3/20/1992,6.300079823
3/23/1992,6.260015965
3/24/1992,6.229968071
3/25/1992,6.239984035
3/26/1992,6.159855843
3/27/1992,6.099760056
3/30/1992,6.089744091
3/31/1992,6.069712162
4/1/1992,6.119791985
4/2/1992,6.029646873
4/3/1992,5.99959898
4/6/1992,6.059696198
4/7/1992,5.939503193
4/8/1992,5.839343071
4/9/1992,5.989583015
4/10/1992,6.089744091
4/13/1992,6.029646873
4/14/1992,6.149839878
4/15/1992,6.25
4/16/1992,6.330128193
4/20/1992,6.310095787
4/21/1992,6.229968071
4/22/1992,6.189904213
4/23/1992,6.139823914
4/24/1992,6.079728127
4/27/1992,6.079728127
4/28/1992,6.089744091
4/29/1992,6.069712162
4/30/1992,6.139823914
5/1/1992,6.069712162
5/4/1992,6.189904213
5/5/1992,6.169871807
5/6/1992,6.169871807
5/7/1992,6.159855843
5/8/1992,6.209936142
5/11/1992,6.340144157
5/12/1992,6.330128193
5/13/1992,6.280047894
5/14/1992,6.239984035
5/15/1992,6.189904213
5/18/1992,6.159855843
5/19/1992,6.260015965
5/20/1992,6.219952106
5/21/1992,6.149839878
5/22/1992,6.139823914
5/26/1992,6.019630909
5/27/1992,6.079728127
5/28/1992,6.179887772
5/29/1992,6.119791985
6/1/1992,6.119791985
6/2/1992,6.049678802
6/3/1992,6.089744091
6/4/1992,6.10977602
6/5/1992,6.209936142
6/8/1992,6.10977602
6/9/1992,6.099760056
6/10/1992,6.079728127
6/11/1992,6.149839878
6/12/1992,6.10977602
6/15/1992,6.129807949
6/16/1992,6.199920177
6/17/1992,6.089744091
6/18/1992,6.089744091
6/19/1992,6.089744091
6/22/1992,6.10977602
6/23/1992,6.119791985
6/24/1992,6.119791985
6/25/1992,6.189904213
6/26/1992,6.25
6/29/1992,6.330128193
6/30/1992,6.229968071
7/1/1992,6.290063858
7/2/1992,6.189904213
7/6/1992,6.199920177
7/7/1992,6.099760056
7/8/1992,6.169871807
7/9/1992,6.229968071
7/10/1992,6.119791985
7/13/1992,6.149839878
7/14/1992,6.239984035
7/15/1992,6.260015965
7/16/1992,6.199920177
7/17/1992,6.209936142
7/20/1992,6.189904213
7/21/1992,6.179887772
7/22/1992,6.129807949
7/23/1992,6.159855843
7/24/1992,5.989583015
7/27/1992,6.009614944
7/28/1992,6.069712162
7/29/1992,6.179887772
7/30/1992,6.10977602
7/31/1992,6.129807949
8/3/1992,6.029646873
8/4/1992,6.049678802
8/5/1992,5.99959898
8/6/1992,6.059696198
8/7/1992,6.049678802
8/10/1992,6.059696198
8/11/1992,6.069712162
8/12/1992,6.019630909
8/13/1992,6.029646873
8/14/1992,6.049678802
8/17/1992,6.089744091
8/18/1992,6.139823914
8/19/1992,6.099760056
8/20/1992,6.099760056
8/21/1992,6.019630909
8/24/1992,5.939503193
8/25/1992,5.929487228
8/26/1992,5.909454823
8/27/1992,5.949519157
8/28/1992,5.879406929
8/31/1992,5.929487228
9/1/1992,5.949519157
9/2/1992,5.969551086
9/3/1992,5.989583015
9/4/1992,5.979567051
9/8/1992,5.939503193
9/9/1992,5.969551086
9/10/1992,6.029646873
9/11/1992,6.019630909
9/14/1992,6.209936142
9/15/1992,6.189904213
9/16/1992,6.25
9/17/1992,6.330128193
9/18/1992,6.380208015
9/21/1992,6.290063858
9/22/1992,6.189904213
9/23/1992,6.219952106
9/24/1992,6.239984035
9/25/1992,6.239984035
9/28/1992,6.350160122
9/29/1992,6.260015965
9/30/1992,6.270031929
10/1/1992,6.239984035
10/2/1992,6.069712162
10/5/1992,6.039662838
10/6/1992,5.969551086
10/7/1992,5.909454823
10/8/1992,6.049678802
10/9/1992,6.009614944
10/12/1992,6.039662838
10/13/1992,5.99959898
10/14/1992,6.009614944
10/15/1992,6.019630909
10/16/1992,6.10977602
10/19/1992,6.119791985
10/20/1992,6.129807949
10/21/1992,6.089744091
10/22/1992,6.119791985
10/23/1992,6.079728127
10/26/1992,6.159855843
10/27/1992,6.139823914
10/28/1992,6.229968071
10/29/1992,6.209936142
10/30/1992,6.149839878
11/2/1992,6.290063858
11/3/1992,6.260015965
11/4/1992,6.280047894
11/5/1992,6.270031929
11/6/1992,6.209936142
11/9/1992,6.25
11/10/1992,6.189904213
11/11/1992,6.280047894
11/12/1992,6.310095787
11/13/1992,6.320112228
11/16/1992,6.25
11/17/1992,6.25
11/18/1992,6.310095787
11/19/1992,6.260015965
11/20/1992,6.410255909
11/23/1992,6.580529213
11/24/1992,6.620593071
11/25/1992,6.640625
11/27/1992,6.640625
11/30/1992,6.670672894
12/1/1992,6.580529213
12/2/1992,6.630609035
12/3/1992,6.540464878
12/4/1992,6.620593071
12/7/1992,6.640625
12/8/1992,6.690704823
12/9/1992,6.730769157
12/10/1992,6.680688858
12/11/1992,6.710737228
12/14/1992,6.670672894
12/15/1992,6.740785122
12/16/1992,6.690704823
12/17/1992,6.830928802
12/18/1992,6.951121807
12/21/1992,7.011218071
12/22/1992,6.971154213
12/23/1992,6.921073914
12/24/1992,6.931089878
12/28/1992,6.961137772
12/29/1992,6.911057949
12/30/1992,6.941105843
12/31/1992,6.850962162
1/4/1993,6.850962162
1/5/1993,6.931089878
1/6/1993,6.901041985
1/7/1993,6.881010056
1/8/1993,6.870994091
1/11/1993,6.810896873
1/12/1993,6.820912838
1/13/1993,6.790864944
1/14/1993,6.800880909
1/15/1993,6.78084898
1/18/1993,6.78084898
1/19/1993,6.740785122
1/20/1993,6.620593071
1/21/1993,6.690704823
1/22/1993,6.760817051
1/25/1993,6.810896873
1/26/1993,6.820912838
1/27/1993,6.78084898
1/28/1993,6.850962162
1/29/1993,6.901041985
2/1/1993,6.911057949
2/2/1993,6.810896873
2/3/1993,6.901041985
2/4/1993,6.941105843
2/5/1993,6.961137772
2/8/1993,6.951121807
2/9/1993,6.941105843
2/10/1993,6.951121807
2/11/1993,6.921073914
2/12/1993,6.810896873
2/16/1993,6.650640965
2/17/1993,6.610577106
2/18/1993,6.560496807
2/19/1993,6.590545177
2/22/1993,6.660656929
2/23/1993,6.690704823
2/24/1993,6.740785122
2/25/1993,6.770833015
2/26/1993,6.740785122
3/1/1993,6.680688858
3/2/1993,6.850962162
3/3/1993,6.860978127
3/4/1993,6.810896873
3/5/1993,6.870994091
3/8/1993,7.011218071
3/9/1993,6.991186142
3/10/1993,7.03125
3/11/1993,7.011218071
3/12/1993,6.931089878
3/15/1993,6.921073914
3/16/1993,6.961137772
3/17/1993,6.981170177
3/18/1993,7.081329823
3/19/1993,7.101362228
3/22/1993,7.121394157
3/23/1993,7.061297894
3/24/1993,7.201521873
3/25/1993,7.221553802
3/26/1993,7.191505909
3/29/1993,7.231571198
3/30/1993,7.28165102
3/31/1993,7.141426086
4/1/1993,7.181489944
4/2/1993,7.131410122
4/5/1993,7.17147398
4/6/1993,7.321714878
4/7/1993,7.351762772
4/8/1993,7.371795177
4/12/1993,7.471954823
4/13/1993,7.461938858
4/14/1993,7.56209898
4/15/1993,7.662260056
4/16/1993,7.632212162
4/19/1993,7.612178802
4/20/1993,7.56209898
4/21/1993,7.441906929
4/22/1993,7.391827106
4/23/1993,7.461938858
4/26/1993,7.371795177
4/27/1993,7.411859035
4/28/1993,7.241587162
4/29/1993,7.341746807
4/30/1993,7.261619091
5/3/1993,7.28165102
5/4/1993,7.191505909
5/5/1993,7.391827106
5/6/1993,7.491987228
5/7/1993,7.552083015
5/10/1993,7.542067051
5/11/1993,7.451922894
5/12/1993,7.481970787
5/13/1993,7.391827106
5/14/1993,7.471954823
5/17/1993,7.502003193
5/18/1993,7.391827106
5/19/1993,7.471954823
5/20/1993,7.451922894
5/21/1993,7.381811142
5/24/1993,7.431890965
5/25/1993,7.391827106
5/26/1993,7.451922894
5/27/1993,7.522035122
5/28/1993,7.431890965
6/1/1993,7.532051086
6/2/1993,7.532051086
6/3/1993,7.542067051
6/4/1993,7.522035122
6/7/1993,7.502003193
6/8/1993,7.481970787
6/9/1993,7.481970787
6/10/1993,7.481970787
6/11/1993,7.552083015
6/14/1993,7.441906929
6/15/1993,7.542067051
6/16/1993,7.642228127
6/17/1993,7.632212162
6/18/1993,7.602162838
6/21/1993,7.632212162
6/22/1993,7.612178802
6/23/1993,7.692307949
6/24/1993,7.652244091
6/25/1993,7.592146873
6/28/1993,7.642228127
6/29/1993,7.662260056
6/30/1993,7.67227602
7/1/1993,7.622196198
7/2/1993,7.662260056
7/6/1993,7.582130909
7/7/1993,7.582130909
7/8/1993,7.772436142
7/9/1993,7.772436142
7/12/1993,7.802484035
7/13/1993,7.852563858
7/14/1993,7.902644157
7/15/1993,7.922676086
7/16/1993,8.002803802
7/19/1993,7.972755909
7/20/1993,7.942708015
7/21/1993,7.932692051
7/22/1993,7.852563858
7/23/1993,7.832531929
7/26/1993,7.912660122
7/27/1993,7.872595787
7/28/1993,7.832531929
7/29/1993,7.912660122
7/30/1993,7.892628193
8/2/1993,7.932692051
8/3/1993,7.902644157
8/4/1993,7.872595787
8/5/1993,7.972755909
8/6/1993,7.962739944
8/9/1993,7.962739944
8/10/1993,7.932692051
8/11/1993,7.912660122
8/12/1993,7.862579823
8/13/1993,7.802484035
8/16/1993,7.832531929
8/17/1993,7.772436142
8/18/1993,7.782452106
8/19/1993,7.742387772
8/20/1993,7.902644157
8/23/1993,7.832531929
8/24/1993,7.902644157
8/25/1993,7.912660122
8/26/1993,7.912660122
8/27/1993,7.852563858
8/30/1993,7.892628193
8/31/1993,7.872595787
9/1/1993,7.862579823
9/2/1993,7.8125
9/3/1993,7.792468071
9/7/1993,7.772436142
9/8/1993,7.712339878
9/9/1993,7.682291985
9/10/1993,7.742387772
9/13/1993,7.752404213
9/14/1993,7.852563858
9/15/1993,7.862579823
9/16/1993,7.872595787
9/17/1993,7.912660122
9/20/1993,7.792468071
9/21/1993,7.722355843
9/22/1993,7.732371807
9/23/1993,7.712339878
9/24/1993,7.602162838
9/27/1993,7.732371807
9/28/1993,7.682291985
9/29/1993,7.642228127
9/30/1993,7.682291985
10/1/1993,7.682291985
10/4/1993,7.712339878
10/5/1993,7.662260056
10/6/1993,7.652244091
10/7/1993,7.662260056
10/8/1993,7.692307949
10/11/1993,7.732371807
10/12/1993,7.652244091
10/13/1993,7.702323914
10/14/1993,7.732371807
10/15/1993,7.892628193
10/18/1993,7.852563858
10/19/1993,7.862579823
10/20/1993,7.872595787
10/21/1993,7.802484035
10/22/1993,7.692307949
10/25/1993,7.67227602
10/26/1993,7.722355843
10/27/1993,7.802484035
10/28/1993,7.762420177
10/29/1993,7.772436142
11/1/1993,7.8125
11/2/1993,7.782452106
11/3/1993,7.722355843
11/4/1993,7.512019157
11/5/1993,7.542067051
11/8/1993,7.512019157
11/9/1993,7.572114944
11/10/1993,7.582130909
11/11/1993,7.522035122
11/12/1993,7.522035122
11/15/1993,7.552083015
11/16/1993,7.732371807
11/17/1993,7.742387772
11/18/1993,7.8125
11/19/1993,7.872595787
11/22/1993,7.872595787
11/23/1993,7.892628193
11/24/1993,7.832531929
11/26/1993,7.892628193
11/29/1993,7.842547894
11/30/1993,7.882612228
12/1/1993,7.902644157
12/2/1993,8.012821198
12/3/1993,8.022836685
12/6/1993,8.042868614
12/7/1993,7.992787838
12/8/1993,8.042868614
12/9/1993,8.092948914
12/10/1993,8.143029213
12/13/1993,8.092948914
12/14/1993,8.203125
12/15/1993,8.283252716
12/16/1993,8.293269157
12/17/1993,8.423478127
12/20/1993,8.353364944
12/21/1993,8.443510056
12/22/1993,8.443510056
12/23/1993,8.503605843
12/27/1993,8.553686142
12/28/1993,8.533654213
12/29/1993,8.533654213
12/30/1993,8.483573914
12/31/1993,8.403446198
1/3/1994,8.333333015
1/4/1994,8.303284645
1/5/1994,8.253205299
1/6/1994,8.323316574
1/7/1994,8.363381386
1/10/1994,8.403446198
1/11/1994,8.463541985
1/12/1994,8.493590355
1/13/1994,8.433493614
1/14/1994,8.553686142
1/17/1994,8.583733559
1/18/1994,8.683894157
1/19/1994,8.713941574
1/20/1994,8.693909645
1/21/1994,8.653845787
1/24/1994,8.633813858
1/25/1994,8.573718071
1/26/1994,8.533654213
1/27/1994,8.673877716
1/28/1994,8.643830299
1/31/1994,8.633813858
2/1/1994,8.56370163
2/2/1994,8.743989944
2/3/1994,8.794071198
2/4/1994,8.533654213
2/7/1994,8.673877716
2/8/1994,8.59375
2/9/1994,8.673877716
2/10/1994,8.533654213
2/11/1994,8.59375
2/14/1994,8.663862228
2/15/1994,8.733974457
2/16/1994,8.713941574
2/17/1994,8.743989944
2/18/1994,8.653845787
2/22/1994,8.653845787
2/23/1994,8.603766441
2/24/1994,8.443510056
2/25/1994,8.423478127
2/28/1994,8.443510056
3/1/1994,8.463541985
3/2/1994,8.473558426
3/3/1994,8.413461685
3/4/1994,8.403446198
3/7/1994,8.473558426
3/8/1994,8.413461685
3/9/1994,8.443510056
3/10/1994,8.373396873
3/11/1994,8.433493614
3/14/1994,8.433493614
3/15/1994,8.403446198
3/16/1994,8.313301086
3/17/1994,8.253205299
3/18/1994,8.373396873
3/21/1994,8.333333015
3/22/1994,8.273237228
3/23/1994,8.323316574
3/24/1994,8.303284645
3/25/1994,8.183093071
3/28/1994,8.293269157
3/29/1994,8.193108559
3/30/1994,7.912660122
3/31/1994,8.012821198
4/4/1994,7.852563858
4/5/1994,7.922676086
4/6/1994,7.822515965
4/7/1994,7.872595787
4/8/1994,7.792468071
4/11/1994,7.882612228
4/12/1994,7.95272398
4/13/1994,7.922676086
4/14/1994,7.8125
4/15/1994,7.752404213
4/18/1994,7.602162838
4/19/1994,7.652244091
4/20/1994,7.652244091
4/21/1994,7.712339878
4/22/1994,7.692307949
4/25/1994,7.752404213
4/26/1994,7.692307949
4/28/1994,7.742387772
4/29/1994,7.632212162
5/2/1994,7.682291985
5/3/1994,7.712339878
5/4/1994,7.842547894
5/5/1994,7.832531929
5/6/1994,7.742387772
5/9/1994,7.602162838
5/10/1994,7.612178802
5/11/1994,7.471954823
5/12/1994,7.512019157
5/13/1994,7.642228127
5/16/1994,7.592146873
5/17/1994,7.632212162
5/18/1994,7.67227602
5/19/1994,7.732371807
5/20/1994,7.632212162
5/23/1994,7.532051086
5/24/1994,7.612178802
5/25/1994,7.612178802
5/26/1994,7.772436142
5/27/1994,7.852563858
5/31/1994,7.972755909
6/1/1994,8.032853127
6/2/1994,8.012821198
6/3/1994,7.912660122
6/6/1994,7.8125
6/7/1994,7.8125
6/8/1994,7.712339878
6/9/1994,7.752404213
6/10/1994,7.652244091
6/13/1994,7.732371807
6/14/1994,7.692307949
6/15/1994,7.612178802
6/16/1994,7.692307949
6/17/1994,7.652244091
6/20/1994,7.592146873
6/21/1994,7.391827106
6/22/1994,7.331730843
6/23/1994,7.411859035
6/24/1994,7.411859035
6/27/1994,7.592146873
6/28/1994,7.572114944
6/29/1994,7.632212162
6/30/1994,7.471954823
7/1/1994,7.431890965
7/5/1994,7.532051086
7/6/1994,7.572114944
7/7/1994,7.592146873
7/8/1994,7.592146873
7/11/1994,7.572114944
7/12/1994,7.512019157
7/13/1994,7.512019157
7/14/1994,7.632212162
7/15/1994,7.67227602
7/18/1994,7.67227602
7/19/1994,7.832531929
7/20/1994,7.8125
7/21/1994,7.772436142
7/22/1994,7.95272398
7/25/1994,7.992787838
7/26/1994,7.872595787
7/27/1994,7.8125
7/28/1994,7.932692051
7/29/1994,8.072916985
8/1/1994,8.052885056
8/2/1994,8.012821198
8/3/1994,7.95272398
8/4/1994,7.772436142
8/5/1994,7.852563858
8/8/1994,7.932692051
8/9/1994,7.832531929
8/10/1994,7.732371807
8/11/1994,7.632212162
8/12/1994,7.712339878
8/15/1994,7.8125
8/16/1994,7.772436142
8/17/1994,7.67227602
8/18/1994,7.552083015
8/19/1994,7.67227602
8/22/1994,7.652244091
8/23/1994,7.8125
8/24/1994,7.892628193
8/25/1994,7.95272398
8/26/1994,8.133012772
8/29/1994,8.052885056
8/30/1994,8.012821198
8/31/1994,7.972755909
9/1/1994,8.052885056
9/2/1994,8.012821198
9/6/1994,7.912660122
9/7/1994,7.852563858
9/8/1994,7.872595787
9/9/1994,7.872595787
9/12/1994,7.872595787
9/13/1994,7.932692051
9/14/1994,8.052885056
9/15/1994,8.23317337
9/16/1994,8.17307663
9/19/1994,8.092948914
9/20/1994,7.932692051
9/21/1994,7.932692051
9/22/1994,7.872595787
9/23/1994,7.8125
9/26/1994,7.892628193
9/27/1994,7.8125
9/28/1994,7.8125
9/29/1994,7.8125
9/30/1994,7.712339878
10/3/1994,7.632212162
10/4/1994,7.532051086
10/5/1994,7.592146873
10/6/1994,7.532051086
10/7/1994,7.491987228
10/10/1994,7.512019157
10/11/1994,7.752404213
10/12/1994,8.032853127
10/13/1994,8.012821198
10/14/1994,8.072916985
10/17/1994,8.072916985
10/18/1994,7.992787838
10/19/1994,8.052885056
10/20/1994,7.852563858
10/21/1994,7.592146873
10/24/1994,7.67227602
10/25/1994,7.652244091
10/26/1994,7.67227602
10/27/1994,7.712339878
10/28/1994,7.912660122
10/31/1994,7.832531929
11/1/1994,7.772436142
11/2/1994,7.732371807
11/3/1994,7.772436142
11/4/1994,7.692307949
11/7/1994,7.732371807
11/8/1994,7.872595787
11/9/1994,7.8125
11/10/1994,7.8125
11/11/1994,7.8125
11/14/1994,7.8125
11/15/1994,7.8125
11/16/1994,7.892628193
11/17/1994,7.8125
11/18/1994,7.8125
11/21/1994,7.592146873
11/22/1994,7.451922894
11/23/1994,7.411859035
11/25/1994,7.411859035
11/28/1994,7.572114944
11/29/1994,7.471954823
11/30/1994,7.371795177
12/1/1994,7.311698914
12/2/1994,7.552083015
12/5/1994,7.512019157
12/6/1994,7.451922894
12/7/1994,7.592146873
12/8/1994,7.391827106
12/9/1994,7.512019157
12/12/1994,7.592146873
12/13/1994,7.67227602
12/14/1994,7.8125
12/15/1994,7.852563858
12/16/1994,8.052885056
12/19/1994,8.012821198
12/20/1994,7.972755909
12/21/1994,7.992787838
12/22/1994,8.092948914
12/23/1994,7.972755909
12/27/1994,8.213141441
12/28/1994,8.193108559
12/29/1994,8.273237228
12/30/1994,8.17307663
1/3/1995,8.17307663
1/4/1995,8.17307663
1/5/1995,8.193108559
1/6/1995,8.153044701
1/9/1995,8.072916985
1/10/1995,8.133012772
1/11/1995,8.253205299
1/12/1995,8.23317337
1/13/1995,8.333333015
1/16/1995,8.433493614
1/17/1995,8.333333015
1/18/1995,8.373396873
1/19/1995,8.17307663
1/20/1995,8.17307663
1/23/1995,8.052885056
1/24/1995,8.072916985
1/25/1995,8.133012772
1/26/1995,8.17307663
1/27/1995,8.092948914
1/30/1995,8.193108559
1/31/1995,8.253205299
2/1/1995,8.193108559
2/2/1995,8.213141441
2/3/1995,8.353364944
2/6/1995,8.333333015
2/7/1995,8.333333015
2/8/1995,8.333333015
2/9/1995,8.373396873
2/10/1995,8.353364944
2/13/1995,8.433493614
2/14/1995,8.433493614
2/15/1995,8.59375
2/16/1995,8.673877716
2/17/1995,8.59375
2/21/1995,8.633813858
2/22/1995,8.834135056
2/23/1995,8.874198914
2/24/1995,8.774038315
2/27/1995,8.59375
2/28/1995,8.774038315
3/1/1995,8.673877716
3/2/1995,8.513622284
3/3/1995,8.493590355
3/6/1995,8.453525543
3/7/1995,8.433493614
3/8/1995,8.533654213
3/9/1995,8.533654213
3/10/1995,8.774038315
3/13/1995,8.754006386
3/14/1995,8.814103127
3/15/1995,8.613781929
3/16/1995,8.794071198
3/17/1995,8.693909645
3/20/1995,8.673877716
3/21/1995,8.713941574
3/22/1995,8.754006386
3/23/1995,8.733974457
3/24/1995,8.814103127
3/27/1995,8.754006386
3/28/1995,8.794071198
3/29/1995,8.814103127
3/30/1995,8.774038315
3/31/1995,8.653845787
4/3/1995,8.754006386
4/4/1995,8.794071198
4/5/1995,8.794071198
4/6/1995,8.854166985
4/7/1995,8.794071198
4/10/1995,8.814103127
4/11/1995,8.774038315
4/12/1995,8.774038315
4/13/1995,8.814103127
4/17/1995,8.633813858
4/18/1995,8.653845787
4/19/1995,8.774038315
4/20/1995,8.653845787
4/21/1995,8.814103127
4/24/1995,8.894230843
4/25/1995,8.934294701
4/26/1995,8.95432663
4/27/1995,9.034455299
4/28/1995,8.974358559
5/1/1995,9.034455299
5/2/1995,9.01442337
5/3/1995,9.074519157
5/4/1995,9.154646873
5/5/1995,9.194711685
5/8/1995,9.375
5/9/1995,9.395031929
5/10/1995,9.475159645
5/11/1995,9.354968071
5/12/1995,9.455127716
5/15/1995,9.234775543
5/16/1995,9.114583015
5/17/1995,9.214743614
5/18/1995,9.054487228
5/19/1995,9.054487228
5/22/1995,9.154646873
5/23/1995,9.234775543
5/24/1995,9.154646873
5/25/1995,9.054487228
5/26/1995,9.034455299
5/30/1995,9.074519157
5/31/1995,9.294872284
6/1/1995,9.294872284
6/2/1995,9.094551086
6/5/1995,9.274840355
6/6/1995,9.234775543
6/7/1995,9.194711685
6/8/1995,9.114583015
6/9/1995,8.914262772
6/12/1995,9.094551086
6/13/1995,9.214743614
6/14/1995,9.254808426
6/15/1995,9.254808426
6/16/1995,9.194711685
6/19/1995,9.274840355
6/20/1995,9.174678802
6/21/1995,9.154646873
6/22/1995,9.174678802
6/23/1995,9.154646873
6/26/1995,9.114583015
6/27/1995,9.094551086
6/28/1995,9.094551086
6/29/1995,8.974358559
6/30/1995,9.034455299
7/3/1995,9.144631386
7/5/1995,9.254808426
7/6/1995,9.455127716
7/7/1995,9.615385056
7/10/1995,9.575321198
7/11/1995,9.455127716
7/12/1995,9.475159645
7/13/1995,9.375
7/14/1995,9.314904213
7/17/1995,9.535256386
7/18/1995,9.455127716
7/19/1995,9.314904213
7/20/1995,9.515224457
7/21/1995,9.595353127
7/24/1995,9.555288315
7/25/1995,9.555288315
7/26/1995,9.495191574
7/27/1995,9.495191574
7/28/1995,9.415063858
7/31/1995,9.455127716
8/1/1995,9.395031929
8/2/1995,9.194711685
8/3/1995,9.194711685
8/4/1995,9.234775543
8/7/1995,9.415063858
8/8/1995,9.455127716
8/9/1995,9.395031929
8/10/1995,9.294872284
8/11/1995,9.254808426
8/14/1995,9.395031929
8/15/1995,9.395031929
8/16/1995,9.334936142
8/17/1995,9.234775543
8/18/1995,9.174678802
8/21/1995,9.214743614
8/22/1995,9.214743614
8/23/1995,9.174678802
8/24/1995,9.254808426
8/25/1995,9.354968071
8/28/1995,9.415063858
8/29/1995,9.435095787
8/30/1995,9.455127716
8/31/1995,9.435095787
9/1/1995,9.415063858
9/5/1995,9.415063858
9/6/1995,9.515224457
9/7/1995,9.475159645
9/8/1995,9.415063858
9/11/1995,9.435095787
9/12/1995,9.615385056
9/13/1995,9.715544701
9/14/1995,9.995993614
9/15/1995,10.23637772
9/18/1995,9.995993614
9/19/1995,9.935896873
9/20/1995,9.935896873
9/21/1995,9.955928802
9/22/1995,10.09615421
9/25/1995,10.31650639
9/26/1995,10.29647446
9/27/1995,10.17628193
9/28/1995,10.13621807
9/29/1995,10.21634579
10/2/1995,10.17628193
10/3/1995,10.11618614
10/4/1995,10.19631386
10/5/1995,10.09615421
10/6/1995,10.07612228
10/9/1995,10.07612228
10/10/1995,10.03605843
10/11/1995,9.955928802
10/12/1995,10.07612228
10/13/1995,10.09615421
10/16/1995,10.07612228
10/17/1995,10.25640965
10/18/1995,10.29647446
10/19/1995,10.45673084
10/20/1995,10.3565712
10/23/1995,10.17628193
10/24/1995,10.09615421
10/25/1995,10.09615421
10/26/1995,10.01602554
10/27/1995,9.975961685
10/30/1995,10.11618614
10/31/1995,10.13621807
11/1/1995,9.975961685
11/2/1995,10.17628193
11/3/1995,10.05609035
11/6/1995,10.07612228
11/7/1995,10.17628193
11/8/1995,10.39663506
11/9/1995,10.41666698
11/10/1995,10.51682663
11/13/1995,10.51682663
11/14/1995,10.4967947
11/15/1995,10.57692337
11/16/1995,10.83734035
11/17/1995,10.7371788
11/20/1995,10.65705109
11/21/1995,10.79727554
11/22/1995,10.61698723
11/24/1995,10.57692337
11/27/1995,10.47676277
11/28/1995,10.7371788
11/29/1995,10.83734035
11/30/1995,10.75721169
12/1/1995,10.99759579
12/4/1995,11.1378212
12/5/1995,11.19791698
12/6/1995,11.43830109
12/7/1995,11.35817337
12/8/1995,11.2780447
12/11/1995,11.33814144
12/12/1995,11.53846169
12/13/1995,11.53846169
12/14/1995,11.43830109
12/15/1995,11.59855843
12/18/1995,11.63862228
12/19/1995,11.53846169
12/20/1995,11.21794891
12/21/1995,11.29807663
12/22/1995,11.47836494
12/26/1995,11.55849361
12/27/1995,11.49839687
12/28/1995,11.39823723
12/29/1995,11.53846169
1/2/1996,11.77884579
1/3/1996,11.79887772
1/4/1996,11.65865421
1/5/1996,11.67868614
1/8/1996,11.75881386
1/9/1996,11.64613438
1/10/1996,11.2780447
1/11/1996,11.29807663
1/12/1996,11.25801277
1/15/1996,11.25801277
1/16/1996,11.35817337
1/17/1996,11.43830109
1/18/1996,11.61859035
1/19/1996,11.89903831
1/22/1996,11.85897446
1/23/1996,11.69871807
1/24/1996,11.81890965
1/25/1996,11.97916698
1/26/1996,12.09935856
1/29/1996,11.99919891
1/30/1996,12.09935856
1/31/1996,12.2996788
2/1/1996,12.33974361
2/2/1996,12.35977554
2/5/1996,12.52003193
2/6/1996,12.68028831
2/7/1996,12.56009579
2/8/1996,12.74038506
2/9/1996,12.72035313
2/12/1996,12.76041698
2/13/1996,12.78044891
2/14/1996,12.62019157
2/15/1996,12.5
2/16/1996,12.41987228
2/20/1996,12.33974361
2/21/1996,12.47996807
2/22/1996,12.76041698
2/23/1996,12.78044891
2/26/1996,12.58012772
2/27/1996,12.45993614
2/28/1996,12.19951916
2/29/1996,12.09935856
3/1/1996,12.31971169
3/4/1996,12.47996807
3/5/1996,12.54006386
3/6/1996,12.47996807
3/7/1996,12.47996807
3/8/1996,11.97916698
3/11/1996,12.25961494
3/12/1996,12.01923084
3/13/1996,11.95913506
3/14/1996,12.03926277
3/15/1996,12.13942337
3/18/1996,12.47996807
3/19/1996,12.35977554
3/20/1996,12.37980843
3/21/1996,12.39984035
3/22/1996,12.56009579
3/25/1996,12.66025639
3/26/1996,12.66025639
3/27/1996,12.64022446
3/28/1996,12.54006386
3/29/1996,12.47996807
4/1/1996,12.72035313
4/2/1996,12.74038506
4/3/1996,12.86057663
4/4/1996,12.88060856
4/8/1996,12.76041698
4/9/1996,12.56009579
4/10/1996,12.27964687
4/11/1996,12.11939144
4/12/1996,12.31971169
4/15/1996,12.54006386
4/16/1996,12.45993614
4/17/1996,12.54006386
4/18/1996,12.7003212
4/19/1996,12.68028831
4/22/1996,12.74038506
4/23/1996,12.72035313
4/24/1996,12.66025639
4/25/1996,12.5
4/26/1996,12.47996807
4/29/1996,12.43990421
4/30/1996,12.37980843
5/1/1996,12.47996807
5/2/1996,12.41987228
5/3/1996,12.33974361
5/6/1996,12.21955109
5/7/1996,12.07932663
5/8/1996,12.17948723
5/9/1996,12.33974361
5/10/1996,12.45993614
5/13/1996,12.58012772
5/14/1996,12.64022446
5/15/1996,12.62019157
5/16/1996,12.80048084
5/17/1996,13.02083302
5/20/1996,13.52163506
5/21/1996,13.34134579
5/22/1996,13.60176277
5/23/1996,13.56169891
5/24/1996,13.6217947
5/28/1996,13.26121807
5/29/1996,13.18109035
5/30/1996,13.34134579
5/31/1996,13.26121807
6/3/1996,13.28125
6/4/1996,13.44150639
6/5/1996,13.52163506
6/6/1996,13.82211494
6/7/1996,13.76201916
6/10/1996,13.78205109
6/11/1996,13.56169891
6/12/1996,13.66185856
6/13/1996,13.74198723
6/14/1996,13.74198723
6/17/1996,13.82211494
6/18/1996,13.7219553
6/19/1996,13.7219553
6/20/1996,13.7219553
6/21/1996,13.94230843
6/24/1996,14.00240421
6/25/1996,14.0625
6/26/1996,13.92227554
6/27/1996,14.02243614
6/28/1996,13.90224361
7/1/1996,13.98237228
7/2/1996,14.02243614
7/3/1996,13.98237228
7/5/1996,13.7219553
7/8/1996,13.44150639
7/9/1996,13.56169891
7/10/1996,13.68189144
7/11/1996,13.44150639
7/12/1996,13.46153831
7/15/1996,13.04086494
7/16/1996,12.96073723
7/17/1996,13.26121807
7/18/1996,13.44150639
7/19/1996,13.16105843
7/22/1996,12.96073723
7/23/1996,12.72035313
7/24/1996,12.80048084
7/25/1996,12.92067337
7/26/1996,13.04086494
7/29/1996,12.82051277
7/30/1996,12.8405447
7/31/1996,13.18109035
8/1/1996,13.36137772
8/2/1996,13.80208302
8/5/1996,13.76201916
8/6/1996,13.8621788
8/7/1996,13.74198723
8/8/1996,13.60176277
8/9/1996,13.42147446
8/12/1996,13.6217947
8/13/1996,13.6217947
8/14/1996,13.68189144
8/15/1996,13.58173084
8/16/1996,13.60176277
8/19/1996,13.6217947
8/20/1996,13.6217947
8/21/1996,13.46153831
8/22/1996,13.56169891
8/23/1996,13.74198723
8/26/1996,13.7219553
8/27/1996,13.8621788
8/28/1996,13.84214687
8/29/1996,13.58173084
8/30/1996,13.32131386
9/3/1996,13.4815712
9/4/1996,13.50160313
9/5/1996,13.34134579
9/6/1996,13.58173084
9/9/1996,13.7219553
9/10/1996,13.78205109
9/11/1996,13.78205109
9/12/1996,13.94230843
9/13/1996,14.16265965
9/16/1996,14.16265965
9/17/1996,13.94230843
9/18/1996,13.98237228
9/19/1996,14.08253193
9/20/1996,14.28285313
9/23/1996,14.18269157
9/24/1996,14.4030447
9/25/1996,14.66346169
9/26/1996,14.48317337
9/27/1996,14.66346169
9/30/1996,14.58333302
10/1/1996,14.52323723
10/2/1996,14.72355843
10/3/1996,14.72355843
10/4/1996,14.98397446
10/7/1996,15.08413506
10/8/1996,14.96394157
10/9/1996,14.88381386
10/10/1996,14.74359035
10/11/1996,15.12419891
10/14/1996,15.22435856
10/15/1996,15.26442337
10/16/1996,15.22435856
10/17/1996,15.24439144
10/18/1996,15.24439144
10/21/1996,15.34455109
10/22/1996,15.32451916
10/23/1996,15.46474361
10/24/1996,15.40464687
10/25/1996,15.36458302
10/28/1996,15.22435856
10/29/1996,15.38461494
10/30/1996,15.38461494
10/31/1996,15.50480843
11/1/1996,15.48477554
11/4/1996,15.60496807
11/5/1996,15.8253212
11/6/1996,16.28605843
11/7/1996,16.46634674
11/8/1996,16.36618614
11/11/1996,16.34615326
11/12/1996,16.32612228
11/13/1996,16.6065712
11/14/1996,16.82692337
11/15/1996,16.7067318
11/18/1996,16.56650543
11/19/1996,16.5064106
11/20/1996,16.46634674
11/21/1996,16.28605843
11/22/1996,16.18589783
11/25/1996,16.62660217
11/26/1996,16.34615326
11/27/1996,16.42628288
11/29/1996,16.66666794
12/2/1996,16.54647446
12/3/1996,15.90544891
12/4/1996,15.85036087
12/5/1996,15.64503193
12/6/1996,15.68509579
12/9/1996,15.78525639
12/10/1996,15.72515965
12/11/1996,15.54487228
12/12/1996,15.50480843
12/13/1996,15.50480843
12/16/1996,15.24439144
12/17/1996,15.64503193
12/18/1996,15.90544891
12/19/1996,16.46634674
12/20/1996,16.38621712
12/23/1996,16.18589783
12/24/1996,16.34615326
12/26/1996,16.54647446
12/27/1996,16.42628288
12/30/1996,16.28605843
12/31/1996,15.84535313
1/2/1997,15.64503193
1/3/1997,15.88541698
1/6/1997,15.86538506
1/7/1997,16.18589783
1/8/1997,15.9655447
1/9/1997,16.2059288
1/10/1997,16.24599457
1/13/1997,16.54647446
1/14/1997,16.76682663
1/15/1997,16.48637772
1/16/1997,16.26602554
1/17/1997,16.6065712
1/20/1997,16.82692337
1/21/1997,16.90705109
1/22/1997,17.20753288
1/23/1997,16.68669891
1/24/1997,16.32612228
1/27/1997,16.08573723
1/28/1997,16.12580109
1/29/1997,16.6065712
1/30/1997,16.92708206
1/31/1997,16.58653831
2/3/1997,16.86698723
2/4/1997,16.64663506
2/5/1997,16.5064106
2/6/1997,16.66666794
2/7/1997,16.82692337
2/10/1997,16.64663506
2/11/1997,16.76682663
2/12/1997,16.96714783
2/13/1997,17.1875
2/14/1997,17.04727554
2/18/1997,17.22756386
2/19/1997,17.22756386
2/20/1997,16.94711494
2/21/1997,16.84695435
2/24/1997,17.0873394
2/25/1997,16.9871788
2/26/1997,17.02724457
2/27/1997,16.84695435
2/28/1997,16.48637772
3/3/1997,16.56650543
3/4/1997,16.24599457
3/5/1997,16.6065712
3/6/1997,16.76682663
3/7/1997,16.8870182
3/10/1997,16.96714783
3/11/1997,16.84695435
3/12/1997,16.78685951
3/13/1997,16.6065712
3/14/1997,16.5064106
3/17/1997,16.72676277
3/18/1997,16.5064106
3/19/1997,16.58653831
3/20/1997,16.44631386
3/21/1997,16.46634674
3/24/1997,16.96714783
3/25/1997,16.82692337
3/26/1997,16.64663506
3/27/1997,16.22596169
3/31/1997,15.90544891
4/1/1997,15.80528831
4/2/1997,15.66506386
4/3/1997,15.76522446
4/4/1997,16.16586494
4/7/1997,16.1057682
4/8/1997,16.22596169
4/9/1997,16.32612228
4/10/1997,16.26602554
4/11/1997,15.68509579
4/14/1997,16.02564049
4/15/1997,16.48637772
4/16/1997,16.8870182
4/17/1997,16.64663506
4/18/1997,16.78685951
4/21/1997,16.72676277
4/22/1997,17.3878212
4/23/1997,17.16746712
4/24/1997,17.0873394
4/25/1997,17.06730843
4/28/1997,17.1875
4/29/1997,17.72836494
4/30/1997,17.78846169
5/1/1997,17.58814049
5/2/1997,18.12900543
5/5/1997,18.66987228
5/6/1997,18.70993614
5/7/1997,18.5496788
5/8/1997,18.60977554
5/9/1997,18.66987228
5/12/1997,19.19070435
5/13/1997,19.47115326
5/14/1997,19.51121712
5/15/1997,19.87179565
5/16/1997,19.39102554
5/19/1997,19.55128288
5/20/1997,20.03205109
5/21/1997,19.79166794
5/22/1997,19.55128288
5/23/1997,19.67147446
5/27/1997,19.51121712
5/28/1997,19.55128288
5/29/1997,19.59134674
5/30/1997,19.35096169
6/2/1997,19.4310894
6/3/1997,19.4310894
6/4/1997,19.51121712
6/5/1997,19.31089783
6/6/1997,19.95192337
6/9/1997,20.15224457
6/10/1997,20.27243614
6/11/1997,20.39262772
6/12/1997,20.87339783
6/13/1997,21.1939106
6/16/1997,21.31410217
6/17/1997,21.31410217
6/18/1997,21.23397446
6/19/1997,21.51442337
6/20/1997,21.6746788
6/23/1997,20.9935894
6/24/1997,21.25400543
6/25/1997,20.95352554
6/26/1997,20.87339783
6/27/1997,20.93349457
6/30/1997,20.83333206
7/1/1997,21.31410217
7/2/1997,21.65464783
7/3/1997,22.23557663
7/7/1997,22.39583206
7/8/1997,22.27564049
7/9/1997,21.93509674
7/10/1997,22.27564049
7/11/1997,22.63621712
7/14/1997,22.7564106
7/15/1997,23.1370182
7/16/1997,23.71794891
7/17/1997,23.45753288
7/18/1997,22.79647446
7/21/1997,22.63621712
7/22/1997,23.03685951
7/23/1997,23.1370182
7/24/1997,23.03685951
7/25/1997,23.17708206
7/28/1997,22.93669891
7/29/1997,22.73637772
7/30/1997,22.67628288
7/31/1997,22.47596169
8/1/1997,22.15544891
8/4/1997,21.79487228
8/5/1997,21.71474457
8/6/1997,22.21554565
8/7/1997,21.875
8/8/1997,21.49439049
8/11/1997,21.6746788
8/12/1997,21.21394157
8/13/1997,21.3942318
8/14/1997,21.3942318
8/15/1997,20.3125
8/18/1997,21.11378288
8/19/1997,21.27403831
8/20/1997,21.75480843
8/21/1997,21.13381386
8/22/1997,20.7932682
8/25/1997,20.55288506
8/26/1997,20.27243614
8/27/1997,20.1121788
8/28/1997,20.03205109
8/29/1997,20.05208206
9/2/1997,21.21394157
9/3/1997,21.47435951
9/4/1997,21.33413506
9/5/1997,21.23397446
9/8/1997,21.45432663
9/9/1997,21.3942318
9/10/1997,21.13381386
9/11/1997,20.83333206
9/12/1997,21.23397446
9/15/1997,21.27403831
9/16/1997,21.9751606
9/17/1997,22.33573723
9/18/1997,22.47596169
9/19/1997,22.49599457
9/22/1997,22.53605843
9/23/1997,22.15544891
9/24/1997,21.99519157
9/25/1997,21.43429565
9/26/1997,21.89503288
9/29/1997,22.13541794
9/30/1997,21.81490326
10/1/1997,21.9751606
10/2/1997,22.27564049
10/3/1997,22.13541794
10/6/1997,22.39583206
10/7/1997,23.07692337
10/8/1997,22.59615326
10/9/1997,22.63621712
10/10/1997,22.39583206
10/13/1997,22.23557663
10/14/1997,22.23557663
10/15/1997,22.03525543
10/16/1997,22.21554565
10/17/1997,22.23557663
10/20/1997,22.47596169
10/21/1997,22.63621712
10/22/1997,22.25560951
10/23/1997,21.59455109
10/24/1997,21.13381386
10/27/1997,19.85176277
10/28/1997,21.31410217
10/29/1997,20.7932682
10/30/1997,20.27243614
10/31/1997,20.71314049
11/3/1997,21.51442337
11/4/1997,21.93509674
11/5/1997,22.15544891
11/6/1997,22.03525543
11/7/1997,21.71474457
11/10/1997,21.47435951
11/11/1997,21.59455109
11/12/1997,21.07371712
11/13/1997,21.91506386
11/14/1997,22.21554565
11/17/1997,22.81650543
11/18/1997,22.29567337
11/19/1997,22.65625
11/20/1997,23.05689049
11/21/1997,23.31730843
11/24/1997,22.9567318
11/25/1997,23.31730843
11/26/1997,23.5376606
11/28/1997,23.67788506
12/1/1997,23.71794891
12/2/1997,23.59775543
12/3/1997,23.39743614
12/4/1997,23.2371788
12/5/1997,23.5376606
12/8/1997,23.57772446
12/9/1997,23.9182682
12/10/1997,23.6378212
12/11/1997,23.2371788
12/12/1997,23.15705109
12/15/1997,23.9182682
12/16/1997,24.15865326
12/17/1997,24.03846169
12/18/1997,23.71794891
12/19/1997,23.39743614
12/22/1997,23.67788506
12/23/1997,22.77644157
12/24/1997,22.77644157
12/26/1997,22.69631386
12/29/1997,23.21714783
12/30/1997,23.83814049
12/31/1997,23.51762772
1/2/1998,23.71794891
1/5/1998,24.13862228
1/6/1998,23.81810951
1/7/1998,24.0184288
1/8/1998,23.79807663
1/9/1998,23.21714783
1/12/1998,23.85817337
1/13/1998,23.93830109
1/14/1998,23.83814049
1/15/1998,23.29727554
1/16/1998,23.51762772
1/20/1998,24.21875
1/21/1998,24.21875
1/22/1998,24.09855843
1/23/1998,23.7379818
1/26/1998,23.93830109
1/27/1998,24.43910217
1/28/1998,24.43910217
1/29/1998,24.71955109
1/30/1998,24.83974457
2/2/1998,25.18028831
2/3/1998,24.85977554
2/4/1998,24.63942337
2/5/1998,24.57932663
2/6/1998,24.8998394
2/9/1998,24.6995182
2/10/1998,24.83974457
2/11/1998,25.14022446
2/12/1998,25.16025543
2/13/1998,24.93990326
2/17/1998,25.02003288
2/18/1998,25.14022446
2/19/1998,24.93990326
2/20/1998,25.06009674
2/23/1998,24.8998394
2/24/1998,24.59935951
2/25/1998,24.71955109
2/26/1998,24.67948723
2/27/1998,24.91987228
3/2/1998,24.53926277
3/3/1998,24.75961494
3/4/1998,24.45913506
3/5/1998,24.47916794
3/6/1998,25.08012772
3/9/1998,25.16025543
3/10/1998,25.24038506
3/11/1998,25.32051277
3/12/1998,25.38060951
3/13/1998,25.1001606
3/16/1998,25.44070435
3/17/1998,25.64102554
3/18/1998,25.54086494
3/19/1998,25.66105843
3/20/1998,26.16185951
3/23/1998,25.78125
3/24/1998,26.48237228
3/25/1998,26.28205109
3/26/1998,26.42227554
3/27/1998,26.7628212
3/30/1998,27.34375
3/31/1998,27.62419891
4/1/1998,27.70432663
4/2/1998,28.125
4/3/1998,28.00480843
4/6/1998,27.8245182
4/7/1998,27.9246788
4/8/1998,27.60416794
4/9/1998,27.72435951
4/13/1998,27.8245182
4/14/1998,27.76442337
4/15/1998,27.74439049
4/16/1998,27.4439106
4/17/1998,27.96474457
4/20/1998,27.60416794
4/21/1998,27.58413506
4/22/1998,27.30368614
4/23/1998,27.06330109
4/24/1998,26.88301277
4/27/1998,26.42227554
4/28/1998,26.00160217
4/29/1998,26.38221169
4/30/1998,27.30368614
5/1/1998,27.2435894
5/4/1998,27.0432682
5/5/1998,26.70272446
5/6/1998,26.62259674
5/7/1998,26.24198723
5/8/1998,26.6626606
5/11/1998,26.6626606
5/12/1998,26.74278831
5/13/1998,27.12339783
5/14/1998,26.96314049
5/15/1998,26.48237228
5/18/1998,26.44230843
5/19/1998,26.5625
5/20/1998,27.46394157
5/21/1998,27.5440712
5/22/1998,27.2435894
5/26/1998,26.54246712
5/27/1998,26.84294891
5/28/1998,27.0432682
5/29/1998,26.72275543
6/1/1998,26.5625
6/2/1998,26.52243614
6/3/1998,26.06169891
6/4/1998,26.74278831
6/5/1998,27.16346169
6/8/1998,27.06330109
6/9/1998,27.18349457
6/10/1998,27.32371712
6/11/1998,26.98317337
6/12/1998,27.32371712
6/15/1998,26.88301277
6/16/1998,27.32371712
6/17/1998,28.06490326
6/18/1998,28.18509674
6/19/1998,27.88461494
6/22/1998,27.60416794
6/23/1998,28.24519157
6/24/1998,28.78605843
6/25/1998,28.76602554
6/26/1998,28.86618614
6/29/1998,29.12660217
6/30/1998,29.12660217
7/1/1998,29.22676277
7/2/1998,29.14663506
7/6/1998,29.44711494
7/7/1998,29.6875
7/8/1998,29.90785217
7/9/1998,30.1682682
7/10/1998,30.06810951
7/13/1998,29.9879818
7/14/1998,30.46875
7/15/1998,30.14823723
7/16/1998,30.68910217
7/17/1998,30.98958206
7/20/1998,30.60897446
7/21/1998,29.7876606
7/22/1998,29.28685951
7/23/1998,28.84615326
7/24/1998,29.3870182
7/27/1998,29.4871788
7/28/1998,29.1065712
7/29/1998,28.68589783
7/30/1998,29.26682663
7/31/1998,28.66586494
8/3/1998,28.68589783
8/4/1998,27.38381386
8/5/1998,27.80448723
8/6/1998,28.46554565
8/7/1998,28.24519157
8/10/1998,28.14503288
8/11/1998,27.98477554
8/12/1998,28.64583206
8/13/1998,28.16506386
8/14/1998,28.0248394
8/17/1998,28.62580109
8/18/1998,29.08653831
8/19/1998,29.24679565
8/20/1998,28.98637772
8/21/1998,28.72596169
8/24/1998,28.76602554
8/25/1998,28.94631386
8/26/1998,28.98637772
8/27/1998,27.74439049
8/28/1998,27.52403831
8/31/1998,25.64102554
9/1/1998,26.50240326
9/2/1998,25.76121712
9/3/1998,24.91987228
9/4/1998,24.3189106
9/8/1998,26.24198723
9/9/1998,25.70112228
9/10/1998,24.6995182
9/11/1998,25.40064049
9/14/1998,25.36057663
9/15/1998,25.02003288
9/16/1998,25.60096169
9/17/1998,25.08012772
9/18/1998,24.95993614
9/21/1998,25.40064049
9/22/1998,25.60096169
9/23/1998,26.94310951
9/24/1998,26.20192337
9/25/1998,26.62259674
9/28/1998,26.78285217
9/29/1998,26.5625
9/30/1998,25.50080109
10/1/1998,24.21875
10/2/1998,24.15865326
10/5/1998,23.39743614
10/6/1998,23.6378212
10/7/1998,24.03846169
10/8/1998,22.93669891
10/9/1998,23.2371788
10/12/1998,23.7379818
10/13/1998,24.39903831
10/14/1998,24.87980843
10/15/1998,26.28205109
10/16/1998,26.8629818
10/19/1998,26.72275543
10/20/1998,26.3621788
10/21/1998,26.88301277
10/22/1998,27.72435951
10/23/1998,27.74439049
10/26/1998,27.52403831
10/27/1998,27.40384674
10/28/1998,27.22355843
10/29/1998,27.8245182
10/30/1998,28.04487228
11/2/1998,28.00480843
11/3/1998,28.36538506
11/4/1998,28.44551277
11/5/1998,29.1065712
11/6/1998,28.96634674
11/9/1998,28.44551277
11/10/1998,28.54567337
11/11/1998,27.94471169
11/12/1998,27.76442337
11/13/1998,28.26522446
11/16/1998,28.98637772
11/17/1998,28.84615326
11/18/1998,29.40705109
11/19/1998,29.66746712
11/20/1998,29.70753288
11/23/1998,30.32852554
11/24/1998,30.20833206
11/25/1998,29.86778831
11/27/1998,29.5873394
11/30/1998,28.96634674
12/1/1998,29.2067318
12/2/1998,29.14663506
12/3/1998,28.2251606
12/4/1998,28.88621712
12/7/1998,29.1065712
12/8/1998,28.98637772
12/9/1998,28.84615326
12/10/1998,28.34535217
12/11/1998,28.54567337
12/14/1998,27.8245182
12/15/1998,29.84775543
12/16/1998,29.4871788
12/17/1998,30.22836494
12/18/1998,31.0496788
12/21/1998,31.53044891
12/22/1998,31.75080109
12/23/1998,32.49198532
12/24/1998,32.35176468
12/28/1998,32.59214783
12/29/1998,33.09294891
12/30/1998,32.79246902
12/31/1998,32.69230652
1/4/1999,32.2315712
1/5/1999,32.91265869
1/6/1999,33.55368423
1/7/1999,32.99278641
1/8/1999,32.8125
1/11/1999,31.95112228
1/12/1999,31.33012772
1/13/1999,30.9495182
1/14/1999,31.10977554
1/15/1999,32.29166794
1/19/1999,32.51202011
1/20/1999,32.17147446
1/21/1999,31.8309288
1/22/1999,31.37019157
1/25/1999,32.21153641
1/26/1999,32.69230652
1/27/1999,32.53205109
1/28/1999,33.15304565
1/29/1999,33.61378098
2/1/1999,32.75240326
2/2/1999,32.69230652
2/3/1999,32.97275543
2/4/1999,32.09134674
2/5/1999,31.41025543
2/8/1999,31.27003288
2/9/1999,30.7692318
2/10/1999,31.39022446
2/11/1999,32.05128098
2/12/1999,31.29006386
2/16/1999,31.7307682
2/17/1999,31.8309288
2/18/1999,32.25160217
2/19/1999,32.17147446
2/22/1999,33.33333206
2/23/1999,33.0128212
2/24/1999,32.37179565
2/25/1999,32.17147446
2/26/1999,32.15144348
3/1/1999,32.35176468
3/2/1999,31.8309288
3/3/1999,31.65064049
3/4/1999,32.21153641
3/5/1999,33.23317337
3/8/1999,33.59375
3/9/1999,33.9743576
3/10/1999,33.89422989
3/11/1999,34.31490326
3/12/1999,34.41506577
3/15/1999,35.29647446
3/16/1999,35.25640869
3/17/1999,34.7556076
3/18/1999,35.25640869
3/19/1999,35.89743423
3/22/1999,35.37660217
3/23/1999,34.15464783
3/24/1999,34.21474457
3/25/1999,34.7756424
3/26/1999,34.55528641
3/29/1999,35.89743423
3/30/1999,36.3181076
3/31/1999,35.45672989
4/1/1999,35.77724457
4/5/1999,36.73878098
4/6/1999,36.3181076
4/7/1999,36.69871902
4/8/1999,36.49839783
4/9/1999,35.95753098
4/12/1999,37.33974457
4/13/1999,37.47996902
4/14/1999,36.55849457
4/15/1999,36.05769348
4/16/1999,35.65705109
4/19/1999,33.57371902
4/20/1999,35.03605652
4/21/1999,36.39823532
4/22/1999,36.29807663
4/23/1999,36.17788315
4/26/1999,36.37820435
4/27/1999,36.05769348
4/28/1999,35.7371788
4/29/1999,34.49519348
4/30/1999,33.77403641
5/3/1999,33.85416794
5/4/1999,33.63381577
5/5/1999,34.93589783
5/6/1999,34.69551468
5/7/1999,35.23637772
5/10/1999,34.85577011
5/11/1999,35.5568924
5/12/1999,35.31650543
5/13/1999,35.03605652
5/14/1999,33.95432663
5/17/1999,34.05448532
5/18/1999,33.41346359
5/19/1999,34.61538315
5/20/1999,34.11458206
5/21/1999,33.37339783
5/24/1999,33.17307663
5/25/1999,32.8125
5/26/1999,33.05288315
5/27/1999,32.27163315
5/28/1999,32.59214783
6/1/1999,32.87259674
6/2/1999,32.71234131
6/3/1999,32.97275543
6/4/1999,33.61378098
6/7/1999,33.47355652
6/8/1999,32.8125
6/9/1999,32.91265869
6/10/1999,32.37179565
6/11/1999,32.48197174
6/14/1999,33.25320435
6/15/1999,33.3934288
6/16/1999,34.23477554
6/17/1999,34.7556076
6/18/1999,34.47515869
6/21/1999,33.83413315
6/22/1999,33.93429565
6/23/1999,33.91426468
6/24/1999,34.21474457
6/25/1999,33.47355652
6/28/1999,34.03445435
6/29/1999,35.15625
6/30/1999,36.21794891
7/1/1999,35.7371788
7/2/1999,36.11778641
7/6/1999,36.5184288
7/7/1999,37.80047989
7/8/1999,37.5
7/9/1999,37.54006577
7/12/1999,36.97916794
7/13/1999,37.03926468
7/14/1999,37.1193924
7/15/1999,37.68028641
7/16/1999,38.10096359
7/19/1999,38.46153641
7/20/1999,37.68028641
7/21/1999,37.47996902
7/22/1999,36.85897446
7/23/1999,36.9190712
7/26/1999,36.53846359
7/27/1999,37.25961685
7/28/1999,36.53846359
7/29/1999,35.89743423
7/30/1999,34.93589783
8/2/1999,34.5753212
8/3/1999,34.5753212
8/4/1999,34.21474457
8/5/1999,35.11618423
8/6/1999,34.29487228
8/9/1999,33.67387772
8/10/1999,33.61378098
8/11/1999,33.9943924
8/12/1999,33.67387772
8/13/1999,34.53525543
8/16/1999,35.19631577
8/17/1999,35.71714783
8/18/1999,35.79727554
8/19/1999,35.57692337
8/20/1999,36.15785217
8/23/1999,37.35977554
8/24/1999,37.37980652
8/25/1999,38.24118423
8/26/1999,38.12099457
8/27/1999,37.35977554
8/30/1999,36.61859131
8/31/1999,35.99759674
9/1/1999,36.43830109
9/2/1999,36.19791794
9/3/1999,37.3096962
9/7/1999,38.40144348
9/8/1999,38.74198532
9/9/1999,38.38140869
9/10/1999,38.20112228
9/13/1999,38.00080109
9/14/1999,37.41987228
9/15/1999,37.17948532
9/16/1999,37.58012772
9/17/1999,38.46153641
9/20/1999,39.10256577
9/21/1999,38.22115326
9/22/1999,38.14102554
9/23/1999,37.41987228
9/24/1999,37.82051468
9/27/1999,38.46153641
9/28/1999,37.94070435
9/29/1999,37.31971359
9/30/1999,38.00080109
10/1/1999,37.62019348
10/4/1999,38.4815712
10/5/1999,38.76202011
10/6/1999,39.6434288
10/7/1999,39.0625
10/8/1999,39.98397446
10/11/1999,39.4631424
10/12/1999,38.90224457
10/13/1999,38.32131577
10/14/1999,38.50160217
10/15/1999,37.0993576
10/18/1999,37.7003212
10/19/1999,37.84054565
10/20/1999,38.98237228
10/21/1999,39.50320435
10/22/1999,40.26442337
10/25/1999,40.14422989
10/26/1999,40.26442337
10/27/1999,41.16586685
10/28/1999,42.62820435
10/29/1999,43.42948532
11/1/1999,41.46634674
11/2/1999,41.34615326
11/3/1999,42.10737228
11/4/1999,42.26762772
11/5/1999,42.86859131
11/8/1999,42.94871902
11/9/1999,42.74839783
11/10/1999,42.94871902
11/11/1999,42.94871902
11/12/1999,43.38942337
11/15/1999,43.42948532
11/16/1999,44.75160217
11/17/1999,45.25240326
11/18/1999,44.67147446
11/19/1999,44.1306076
11/22/1999,44.9318924
11/23/1999,44.11057663
11/24/1999,43.87019348
11/26/1999,43.46955109
11/29/1999,42.66827011
11/30/1999,41.70672989
12/1/1999,43.10897446
12/2/1999,43.1690712
12/3/1999,43.66987228
12/6/1999,43.98537827
12/7/1999,44.87179565
12/8/1999,45.27744293
12/9/1999,46.01362228
12/10/1999,47.2556076
12/13/1999,47.69631577
12/14/1999,48.0368576
12/15/1999,46.25400543
12/16/1999,47.31570435
12/17/1999,48.67788315
12/20/1999,49.12359619
12/21/1999,50.5809288
12/22/1999,50.60096359
12/23/1999,50.48077011
12/27/1999,51.12179565
12/28/1999,50.4006424
12/29/1999,50.18028641
12/30/1999,49.67948532
12/31/1999,49.5993576
1/3/2000,48.07692337
1/4/2000,46.15384674
1/5/2000,46.07371902
1/6/2000,46.6897049
1/7/2000,48.49759674
1/10/2000,48.47756577
1/11/2000,48.55769348
1/12/2000,48.71794891
1/13/2000,49.27884674
1/14/2000,48.39743423
1/18/2000,47.43589783
1/19/2000,47.6662674
1/20/2000,46.77484131
1/21/2000,46.19390869
1/24/2000,44.27083206
1/25/2000,44.39102554
1/26/2000,45.33253098
1/27/2000,45.43269348
1/28/2000,42.94871902
1/31/2000,42.94871902
2/1/2000,43.58974457
2/2/2000,42.96875
2/3/2000,44.63140869
2/4/2000,45.37259674
2/7/2000,43.75
2/8/2000,43.93028641
2/9/2000,42.96875
2/10/2000,43.40945435
2/11/2000,42.86859131
2/14/2000,43.06890869
2/15/2000,44.07051468
2/16/2000,43.47956848
2/17/2000,41.9871788
2/18/2000,40.10416794
2/22/2000,41.54647446
2/23/2000,41.82692337
2/24/2000,41.9871788
2/25/2000,40.4246788
2/28/2000,41.48637772
2/29/2000,42.42788315
3/1/2000,42.10737228
3/2/2000,43.3493576
3/3/2000,44.67147446
3/6/2000,44.05047989
3/7/2000,41.64663315
3/8/2000,41.76682663
3/9/2000,41.34615326
3/10/2000,42.20753098
3/13/2000,41.48637772
3/14/2000,40.70512772
3/15/2000,42.80849457
3/16/2000,44.55128098
3/17/2000,44.83172989
3/20/2000,45.17227554
3/21/2000,48.2371788
3/22/2000,48.35737228
3/23/2000,51.28205109
3/24/2000,50.9815712
3/27/2000,50.62099457
3/28/2000,50
3/29/2000,52.24359131
3/30/2000,50.88140869
3/31/2000,49.87980652
4/3/2000,51.60256577
4/4/2000,49.35897446
4/5/2000,49.13862228
4/6/2000,50.28044891
4/7/2000,50.90144348
4/10/2000,51.10176468
4/11/2000,51.80288315
4/12/2000,50.24038315
4/13/2000,48.2371788
4/14/2000,46.71474457
4/17/2000,48.71794891
4/18/2000,50.16025543
4/19/2000,49.83974457
4/20/2000,50.80128098
4/24/2000,51.9431076
4/25/2000,53.20512772
4/26/2000,52.32371902
4/27/2000,51.7628212
4/28/2000,50.4006424
5/1/2000,51.08172989
5/2/2000,51.62259674
5/3/2000,50.02003098
5/4/2000,49.35897446
5/5/2000,50.64102554
5/8/2000,50.42067337
5/9/2000,50.12019348
5/10/2000,48.67788315
5/11/2000,48.97836685
5/12/2000,50.24038315
5/15/2000,51.92307663
5/16/2000,52.16346359
5/17/2000,51.5625
5/18/2000,51.08172989
5/19/2000,49.87980652
5/22/2000,48.07692337
5/23/2000,48.07692337
5/24/2000,48.79807663
5/25/2000,48.79807663
5/26/2000,47.65625
5/30/2000,49.27884674
5/31/2000,50.60096359
6/1/2000,50.36057663
6/2/2000,50.72115326
6/5/2000,49.57932663
6/6/2000,49.21875
6/7/2000,49.39903641
6/8/2000,48.91827011
6/9/2000,47.95672989
6/12/2000,47.95672989
6/13/2000,49.21875
6/14/2000,49.03846359
6/15/2000,49.87980652
6/16/2000,49.15865326
6/19/2000,48.31730652
6/20/2000,49.03846359
6/21/2000,47.53605652
6/22/2000,46.875
6/23/2000,47.95672989
6/26/2000,48.01682663
6/27/2000,47.35577011
6/28/2000,48.60276413
6/29/2000,47.83653641
6/30/2000,50.96153641
7/3/2000,50
7/5/2000,48.01682663
7/6/2000,48.25721359
7/7/2000,49.33894348
7/10/2000,50.42067337
7/11/2000,50.24038315
7/12/2000,51.68269348
7/13/2000,50.48077011
7/14/2000,49.51922989
7/17/2000,51.62259674
7/18/2000,50.24038315
7/19/2000,50.72115326
7/20/2000,52.22355652
7/21/2000,52.04327011
7/24/2000,51.92307663
7/25/2000,51.50240326
7/26/2000,50.12019348
7/27/2000,50.48077011
7/28/2000,48.97836685
7/31/2000,49.69952011
8/1/2000,50.72115326
8/2/2000,50
8/3/2000,50.84134674
8/4/2000,51.32211685
8/7/2000,50.60096359
8/8/2000,51.68269348
8/9/2000,53.78605652
8/10/2000,54.80769348
8/11/2000,54.38702011
8/14/2000,54.80769348
8/15/2000,55.04807663
8/16/2000,54.62740326
8/17/2000,54.50721359
8/18/2000,54.02644348
8/21/2000,54.38702011
8/22/2000,54.08653641
8/23/2000,55.70913315
8/24/2000,56.67067337
8/25/2000,56.97115326
8/28/2000,57.69230652
8/29/2000,57.57211685
8/30/2000,55.28846359
8/31/2000,56.37019348
9/1/2000,56.25
9/5/2000,55.58894348
9/6/2000,56.73077011
9/7/2000,56.73077011
9/8/2000,57.57211685
9/11/2000,57.39182663
9/12/2000,56.79086685
9/13/2000,56.79086685
9/14/2000,56.73077011
9/15/2000,54.56730652
9/18/2000,55.28846359
9/19/2000,54.80769348
9/20/2000,54.44711685
9/21/2000,54.08653641
9/22/2000,55.10817337
9/25/2000,55.82932663
9/26/2000,55.76922989
9/27/2000,57.15144348
9/28/2000,56.73077011
9/29/2000,55.58894348
10/2/2000,56.25
10/3/2000,56.79086685
10/4/2000,56.61057663
10/5/2000,57.45192337
10/6/2000,57.15144348
10/9/2000,56.25
10/10/2000,55.82932663
10/11/2000,54.44711685
10/12/2000,52.40384674
10/13/2000,54.80769348
10/16/2000,55.52884674
10/17/2000,53.48557663
10/18/2000,53.36538315
10/19/2000,53.48557663
10/20/2000,50.12019348
10/23/2000,47.83653641
10/24/2000,51.32211685
10/25/2000,50.90144348
10/26/2000,50.12019348
10/27/2000,50.24038315
10/30/2000,51.92307663
10/31/2000,52.70432663
11/1/2000,52.34375
11/2/2000,51.62259674
11/3/2000,51.26202011
11/6/2000,52.40384674
11/7/2000,52.82452011
11/8/2000,52.46394348
11/9/2000,52.46394348
11/10/2000,51.80288315
11/13/2000,49.45913315
11/14/2000,50.72115326
11/15/2000,50.48077011
11/16/2000,50.60096359
11/17/2000,49.87980652
11/20/2000,48.13702011
11/21/2000,48.79807663
11/22/2000,46.69471359
11/24/2000,47.47596359
11/27/2000,47.23557663
11/28/2000,47.89663315
11/29/2000,47.77644348
11/30/2000,47.65625
12/1/2000,49.03846359
12/4/2000,49.63942337
12/5/2000,52.04327011
12/6/2000,51.86297989
12/7/2000,51.44230652
12/8/2000,53.06490326
12/11/2000,53.18509674
12/12/2000,50.78125
12/13/2000,50.96153641
12/14/2000,49.45913315
12/15/2000,47.89663315
12/18/2000,49.03846359
12/19/2000,48.19711685
12/20/2000,45.61297989
12/21/2000,46.03365326
12/22/2000,46.99519348
12/26/2000,47.41586685
12/27/2000,46.33413315
12/28/2000,46.57452011
12/29/2000,46.09375
1/2/2001,42.06730652
1/3/2001,45.97355652
1/4/2001,46.21394348
1/5/2001,45.49278641
1/8/2001,43.81009674
1/9/2001,42.90865326
1/10/2001,42.96875
1/11/2001,44.77163315
1/12/2001,43.93028641
1/16/2001,45.55288315
1/17/2001,44.89182663
1/18/2001,45.79327011
1/19/2001,45.19230652
1/22/2001,43.99038315
1/23/2001,44.89182663
1/24/2001,44.53125
1/25/2001,44.17067337
1/26/2001,42.90865326
1/29/2001,42.67307663
1/30/2001,44.47115326
1/31/2001,44.21153641
2/1/2001,44.45192337
2/2/2001,44.5
2/5/2001,46.00961685
2/6/2001,45.76922989
2/7/2001,45.14422989
2/8/2001,45.32692337
2/9/2001,43.90384674
2/12/2001,45.68269348
2/13/2001,45.34615326
2/14/2001,44.48077011
2/15/2001,46.13461685
2/16/2001,45.19230652
2/20/2001,45.85577011
2/21/2001,45.48077011
2/22/2001,45.28846359
2/23/2001,44.40384674
2/26/2001,46.13461685
2/27/2001,46.15384674
2/28/2001,44.71153641
3/1/2001,44.14422989
3/2/2001,42.85577011
3/5/2001,43.34615326
3/6/2001,43.67307663
3/7/2001,44.21153641
3/8/2001,44.10577011
3/9/2001,42.125
3/12/2001,38.07692337
3/13/2001,40.70192337
3/14/2001,39.45192337
3/15/2001,39.5
3/16/2001,39.03846359
3/19/2001,39.51922989
3/20/2001,38.50961685
3/21/2001,37.5
3/22/2001,36.25
3/23/2001,38.45192337
3/26/2001,38.68269348
3/27/2001,40.29807663
3/28/2001,39.95192337
3/29/2001,39.80769348
3/30/2001,40.25
4/2/2001,40.19230652
4/3/2001,38.15384674
4/4/2001,38.07692337
4/5/2001,40.48077011
4/6/2001,39.58653641
4/9/2001,40.38461685
4/10/2001,42.14422989
4/11/2001,41.60577011
4/12/2001,42.98077011
4/16/2001,42.93269348
4/17/2001,43.71153641
4/18/2001,46.04807663
4/19/2001,46.64422989
4/20/2001,46.25
4/23/2001,45.38461685
4/24/2001,44.22115326
4/25/2001,45.97115326
4/26/2001,47.40384674
4/27/2001,48.02884674
4/30/2001,46.66346359
5/1/2001,47.02884674
5/2/2001,47.21153641
5/3/2001,46.63461685
5/4/2001,48.00961685
5/7/2001,48.03846359
5/8/2001,47.57692337
5/9/2001,47.52884674
5/10/2001,47.91346359
5/11/2001,47.125
5/14/2001,47.81730652
5/15/2001,48.22115326
5/16/2001,50.20192337
5/17/2001,50.10577011
5/18/2001,50.95192337
5/21/2001,51.34615326
5/22/2001,50.65384674
5/23/2001,49.375
5/24/2001,49.42307663
5/25/2001,48.02884674
5/29/2001,47.75961685
5/30/2001,47.13461685
5/31/2001,47.11538315
6/1/2001,47.11538315
6/4/2001,47.54807663
6/5/2001,47.28846359
6/6/2001,46.875
6/7/2001,47.02884674
6/8/2001,46.28846359
6/11/2001,45.57692337
6/12/2001,46.89422989
6/13/2001,46.00961685
6/14/2001,46.98077011
6/15/2001,46.93269348
6/18/2001,47.11538315
6/19/2001,46.99038315
6/20/2001,48.81730652
6/21/2001,49.27884674
6/22/2001,49.86538315
6/25/2001,48.31730652
6/26/2001,46.91346359
6/27/2001,46.40384674
6/28/2001,46.99038315
6/29/2001,47.11538315
7/2/2001,48.26922989
7/3/2001,47.60577011
7/5/2001,46.60577011
7/6/2001,45.08653641
7/9/2001,45.04807663
7/10/2001,44
7/11/2001,42.89422989
7/12/2001,45.19230652
7/13/2001,45.625
7/16/2001,44.44230652
7/17/2001,44.33653641
7/18/2001,44.375
7/19/2001,44.69230652
7/20/2001,44.83653641
7/23/2001,43.55769348
7/24/2001,42.30769348
7/25/2001,42.11538315
7/26/2001,42.06730652
7/27/2001,42.93269348
7/30/2001,41.92307663
7/31/2001,41.82692337
8/1/2001,41.15384674
8/2/2001,40.57692337
8/3/2001,41.10577011
8/6/2001,39.79807663
8/7/2001,41.125
8/8/2001,40.04807663
8/9/2001,40.28846359
8/10/2001,40.93269348
8/13/2001,40.60577011
8/14/2001,40.24038315
8/15/2001,40.17307663
8/16/2001,40
8/17/2001,39.23077011
8/20/2001,39.93269348
8/21/2001,38.91346359
8/22/2001,39.27884674
8/23/2001,39.46153641
8/24/2001,40.375
8/27/2001,40.54807663
8/28/2001,39.64422989
8/29/2001,39.04807663
8/30/2001,38.65384674
8/31/2001,39.32692337
9/4/2001,39.25961685
9/5/2001,40.09615326
9/6/2001,38.94230652
9/7/2001,38.13461685
9/10/2001,37.83653641
9/17/2001,33.79807663
9/18/2001,32.54807663
9/19/2001,31.25
9/20/2001,29.20192337
9/21/2001,30.09615326
9/24/2001,33.84615326
9/25/2001,34.13461685
9/26/2001,34.11538315
9/27/2001,34.56730652
9/28/2001,35.76922989
10/1/2001,36.19230652
10/2/2001,36.58653641
10/3/2001,36.68269348
10/4/2001,35.95192337
10/5/2001,36.00961685
10/8/2001,35.38461685
10/9/2001,35.40384674
10/10/2001,36.45192337
10/11/2001,37.45192337
10/12/2001,37.5
10/15/2001,37.36538315
10/16/2001,36.99038315
10/17/2001,35.72115326
10/18/2001,35.81730652
10/19/2001,35.81730652
10/22/2001,36.16346359
10/23/2001,35.83653641
10/24/2001,35.65384674
10/25/2001,36.41346359
10/26/2001,37.38461685
10/29/2001,35.99038315
10/30/2001,34.94230652
10/31/2001,35.00961685
11/1/2001,36.45192337
11/2/2001,36.5
11/5/2001,37.27884674
11/6/2001,38.26922989
11/7/2001,37.83653641
11/8/2001,38.79807663
11/9/2001,38.85577011
11/12/2001,37.91346359
11/13/2001,39
11/14/2001,39.30769348
11/15/2001,39.95192337
11/16/2001,39.27884674
11/19/2001,39.66346359
11/20/2001,39.51922989
11/21/2001,38.89422989
11/23/2001,39.44230652
11/26/2001,39.73077011
11/27/2001,39.49038315
11/28/2001,37.83653641
11/29/2001,38.20192337
11/30/2001,37.01922989
12/3/2001,35.5
12/4/2001,35.91346359
12/5/2001,36.10577011
12/6/2001,36.29807663
12/7/2001,35.72115326
12/10/2001,35.38461685
12/11/2001,35.375
12/12/2001,35.625
12/13/2001,35.625
12/14/2001,36.20192337
12/17/2001,36.82692337
12/18/2001,38.19230652
12/19/2001,39.21153641
12/20/2001,39.26922989
12/21/2001,39.75961685
12/24/2001,39.60577011
12/26/2001,38.99038315
12/27/2001,39.375
12/28/2001,39.16346359
12/31/2001,38.53846359
1/2/2002,39.375
1/3/2002,39.04807663
1/4/2002,39.375
1/7/2002,37.84615326
1/8/2002,37.45192337
1/9/2002,37.06730652
1/10/2002,37.125
1/11/2002,36.75961685
1/14/2002,36.44230652
1/15/2002,37.22115326
1/16/2002,36.26922989
1/17/2002,37.25961685
1/18/2002,37.19230652
1/22/2002,36.82692337
1/23/2002,36.20192337
1/24/2002,36.10577011
1/25/2002,36.78846359
1/28/2002,36.68269348
1/29/2002,35.05769348
1/30/2002,35.46153641
1/31/2002,35.72115326
2/1/2002,35.43269348
2/4/2002,33.65384674
2/5/2002,34.81730652
2/6/2002,35.53846359
2/7/2002,35.76922989
2/8/2002,35.81730652
2/11/2002,36.34615326
2/12/2002,36.05769348
2/13/2002,36.63461685
2/14/2002,36.53846359
2/15/2002,35.68269348
2/19/2002,35
2/20/2002,36.125
2/21/2002,36.07692337
2/22/2002,36.625
2/25/2002,37.69230652
2/26/2002,37.25961685
2/27/2002,37.25961685
2/28/2002,37.01922989
3/1/2002,37.93269348
3/4/2002,38.65384674
3/5/2002,38.94230652
3/6/2002,39.95192337
3/7/2002,39.375
3/8/2002,39.03846359
3/11/2002,39.56730652
3/12/2002,39.51922989
3/13/2002,38.46153641
3/14/2002,38.85577011
3/15/2002,38.64422989
3/18/2002,38.36538315
3/19/2002,38.36538315
3/20/2002,37.30769348
3/21/2002,36.00961685
3/22/2002,36.41346359
3/25/2002,35.61538315
3/26/2002,35.875
3/27/2002,36.00961685
3/28/2002,35.96153641
4/1/2002,35.86538315
4/2/2002,35.67307663
4/3/2002,35.33653641
4/4/2002,35.86538315
4/5/2002,35.67307663
4/8/2002,35.44230652
4/9/2002,35.04807663
4/10/2002,35.76922989
4/11/2002,32.45192337
4/12/2002,32.25961685
4/15/2002,30.625
4/16/2002,31.82692337
4/17/2002,32.35577011
4/18/2002,32.5
4/19/2002,32.40384674
4/22/2002,31.59615326
4/23/2002,31.53846169
4/24/2002,31.25
4/25/2002,30.81730843
4/26/2002,30.28846169
4/29/2002,29.66346169
4/30/2002,30.33653831
5/1/2002,30.4807682
5/2/2002,30.38461494
5/3/2002,30.4807682
5/6/2002,29.77884674
5/7/2002,29.47115326
5/8/2002,31.58653831
5/9/2002,30.27884674
5/10/2002,29.47115326
5/13/2002,29.66346169
5/14/2002,30.36538506
5/15/2002,29.74038506
5/16/2002,30.7692318
5/17/2002,32.16346359
5/20/2002,31.34615326
5/21/2002,30.91346169
5/22/2002,30.69230843
5/23/2002,31.68269157
5/24/2002,31.34615326
5/28/2002,30.81730843
5/29/2002,30.19230843
5/30/2002,30
5/31/2002,29.94230843
6/3/2002,28.95192337
6/4/2002,28.8942318
6/5/2002,28.99038506
6/6/2002,28.17307663
6/7/2002,29.03846169
6/10/2002,28.79807663
6/11/2002,28.2692318
6/12/2002,29.18269157
6/13/2002,28.70192337
6/14/2002,28.55769157
6/17/2002,29.33653831
6/18/2002,29.95192337
6/19/2002,29.18269157
6/20/2002,28.55769157
6/21/2002,27.83653831
6/24/2002,28.46153831
6/25/2002,27.78846169
6/26/2002,28.36538506
6/27/2002,28.75
6/28/2002,27.93269157
7/1/2002,27.3557682
7/2/2002,27.0192318
7/3/2002,26.82692337
7/5/2002,28.54807663
7/8/2002,28.29807663
7/9/2002,27.21153831
7/10/2002,26.00961494
7/11/2002,26.29807663
7/12/2002,27.5
7/15/2002,27.16346169
7/16/2002,26.49038506
7/17/2002,27.16346169
7/18/2002,26.63461494
7/19/2002,25.5
7/22/2002,24.67307663
7/23/2002,23.84615326
7/24/2002,25.50961494
7/25/2002,25.625
7/26/2002,26.7307682
7/29/2002,29.27884674
7/30/2002,30.38461494
7/31/2002,30.96153831
8/1/2002,30.19230843
8/2/2002,28.36538506
8/5/2002,27.21153831
8/6/2002,28.50961494
8/7/2002,29.56730843
8/8/2002,30.72115326
8/9/2002,31.15384674
8/12/2002,31.00961494
8/13/2002,29.75961494
8/14/2002,30.67307663
8/15/2002,31.04807663
8/16/2002,30.33653831
8/19/2002,31.625
8/20/2002,31.00961494
8/21/2002,31.05769157
8/22/2002,31.44230843
8/23/2002,31.00961494
8/26/2002,30.83653831
8/27/2002,30.72115326
8/28/2002,30.09615326
8/29/2002,29.18269157
8/30/2002,28.99038506
9/3/2002,27.36538506
9/4/2002,27.59615326
9/5/2002,26.92307663
9/6/2002,27.21153831
9/9/2002,27.67307663
9/10/2002,27.96153831
9/11/2002,27.88461494
9/12/2002,26.92307663
9/13/2002,26.00961494
9/16/2002,26.82692337
9/17/2002,26.63461494
9/18/2002,26.29807663
9/19/2002,25.52884674
9/20/2002,25.72115326
9/23/2002,25.38461494
9/24/2002,24.90384674
9/25/2002,25.96153831
9/26/2002,25.375
9/27/2002,23.52884674
9/30/2002,23.70192337
10/1/2002,25.19230843
10/2/2002,23.84615326
10/3/2002,23.67307663
10/4/2002,23.08653831
10/7/2002,22.06730843
10/8/2002,22.45192337
10/9/2002,21.15384674
10/10/2002,21.7307682
10/11/2002,23.27884674
10/14/2002,23.41346169
10/15/2002,25.19230843
10/16/2002,24.61538506
10/17/2002,25.8557682
10/18/2002,25.625
10/21/2002,26.1057682
10/22/2002,26.02884674
10/23/2002,25.86538506
10/24/2002,25
10/25/2002,25.2307682
10/28/2002,25.24038506
10/29/2002,24.8557682
10/30/2002,24.18269157
10/31/2002,24.27884674
11/1/2002,25
11/4/2002,25.4807682
11/5/2002,25.4807682
11/6/2002,25.57692337
11/7/2002,25.1057682
11/8/2002,24.13461494
11/11/2002,23.27884674
11/12/2002,22.93269157
11/13/2002,23.16346169
11/14/2002,23.55769157
11/15/2002,22.94230843
11/18/2002,22.69230843
11/19/2002,22.9807682
11/20/2002,23.84615326
11/21/2002,25.81730843
11/22/2002,25.43269157
11/25/2002,25.7692318
11/26/2002,25.33653831
11/27/2002,26.1057682
11/29/2002,26.07692337
12/2/2002,26.15384674
12/3/2002,25.72115326
12/4/2002,25.5
12/5/2002,24.80769157
12/6/2002,25.04807663
12/9/2002,24.5192318
12/10/2002,24.93269157
12/11/2002,25.13461494
12/12/2002,24.90384674
12/13/2002,24.5192318
12/16/2002,25.41346169
12/17/2002,25
12/18/2002,24.67307663
12/19/2002,24.42307663
12/20/2002,24.95192337
12/23/2002,24.74038506
12/24/2002,24.3557682
12/26/2002,24.32692337
12/27/2002,23.75
12/30/2002,23.55769157
12/31/2002,23.41346169
1/2/2003,24.5
1/3/2003,24.42307663
1/6/2003,25.04807663
1/7/2003,24.90384674
1/8/2003,24.5192318
1/9/2003,24.90384674
1/10/2003,24.66346169
1/13/2003,24.65384674
1/14/2003,24.72115326
1/15/2003,24.22115326
1/16/2003,24.06730843
1/17/2003,23.92307663
1/21/2003,23.13461494
1/22/2003,22.6442318
1/23/2003,23.02884674
1/24/2003,22.17307663
1/27/2003,22.16346169
1/28/2003,22.25961494
1/29/2003,22.1442318
1/30/2003,21.68269157
1/31/2003,22.25
2/3/2003,22.74038506
2/4/2003,22.16346169
2/5/2003,22.11538506
2/6/2003,22.00961494
2/7/2003,21.82692337
2/10/2003,21.75961494
2/11/2003,21.63461494
2/12/2003,21.3942318
2/13/2003,21.31730843
2/14/2003,21.61538506
2/18/2003,22.02884674
2/19/2003,22.45192337
2/20/2003,22.45192337
2/21/2003,22.88461494
2/24/2003,22.5192318
2/25/2003,23.05769157
2/26/2003,22.47115326
2/27/2003,22.9807682
2/28/2003,23.125
3/3/2003,22.9807682
3/4/2003,22.5
3/5/2003,22.88461494
3/6/2003,23.02884674
3/7/2003,23.36538506
3/10/2003,22.69230843
3/11/2003,22.45192337
3/12/2003,22.88461494
3/13/2003,24.24038506
3/14/2003,24.66346169
3/17/2003,25.25961494
3/18/2003,25.38461494
3/19/2003,25.94230843
3/20/2003,25.81730843
3/21/2003,26.92307663
3/24/2003,25.70192337
3/25/2003,25.94230843
3/26/2003,25.57692337
3/27/2003,25.42307663
3/28/2003,25.02884674
3/31/2003,24.5192318
4/1/2003,25.125
4/2/2003,26.00961494
4/3/2003,26.49038506
4/4/2003,26.56730843
4/7/2003,26.69230843
4/8/2003,26.9807682
4/9/2003,26.25
4/10/2003,26.32692337
4/11/2003,26.58653831
4/14/2003,26.69230843
4/15/2003,27.21153831
4/16/2003,26.75961494
4/17/2003,27.3942318
4/21/2003,27.07692337
4/22/2003,27.875
4/23/2003,28.25961494
4/24/2003,27.9807682
4/25/2003,27.99038506
4/28/2003,28.38461494
4/29/2003,28.2692318
4/30/2003,28.31730843
5/1/2003,27.9807682
5/2/2003,27.96153831
5/5/2003,27.72115326
5/6/2003,28
5/7/2003,27.74038506
5/8/2003,27.375
5/9/2003,27.88461494
5/12/2003,27.8557682
5/13/2003,27.45192337
5/14/2003,27.50961494
5/15/2003,27.38461494
5/16/2003,26.77884674
5/19/2003,26.49038506
5/20/2003,26.66346169
5/21/2003,26.53846169
5/22/2003,26.66346169
5/23/2003,26.57692337
5/27/2003,27.22115326
5/28/2003,27.18269157
5/29/2003,27.16346169
5/30/2003,27.59615326
6/2/2003,27.88461494
6/3/2003,27.93269157
6/4/2003,28.2307682
6/5/2003,28.63461494
6/6/2003,29.13461494
6/9/2003,28.9807682
6/10/2003,29.41346169
6/11/2003,29.78846169
6/12/2003,29.875
6/13/2003,29.47115326
6/16/2003,30.13461494
6/17/2003,30
6/18/2003,29.54807663
6/19/2003,28.71153831
6/20/2003,28.8557682
6/23/2003,28.72115326
6/24/2003,28.77884674
6/25/2003,28.13461494
6/26/2003,28.02884674
6/27/2003,27.5192318
6/30/2003,27.57692337
7/1/2003,27.52884674
7/2/2003,27.50961494
7/3/2003,27.45192337
7/7/2003,28.1442318
7/8/2003,27.70192337
7/9/2003,27.28846169
7/10/2003,27.1057682
7/11/2003,27.03846169
7/14/2003,26.96153831
7/15/2003,26.6057682
7/16/2003,26.32692337
7/17/2003,26.05769157
7/18/2003,26.71153831
7/21/2003,26.11538506
7/22/2003,26.3557682
7/23/2003,26.36538506
7/24/2003,26.38461494
7/25/2003,27.33653831
7/28/2003,27.27884674
7/29/2003,26.82692337
7/30/2003,26.8942318
7/31/2003,27.34615326
8/1/2003,27.36538506
8/4/2003,27.38461494
8/5/2003,26.7307682
8/6/2003,26.61538506
8/7/2003,27
8/8/2003,27
8/11/2003,27.19230843
8/12/2003,27.24038506
8/13/2003,26.94230843
8/14/2003,27.45192337
8/15/2003,27.67307663
8/18/2003,28.65384674
8/19/2003,28.70192337
8/20/2003,28.31730843
8/21/2003,29
8/22/2003,28.7307682
8/25/2003,28.70192337
8/26/2003,28.7307682
8/27/2003,28.6057682
8/28/2003,28.53846169
8/29/2003,28.43269157
9/2/2003,29.2692318
9/3/2003,29.92307663
9/4/2003,30.11538506
9/5/2003,29.84615326
9/8/2003,30.17307663
9/9/2003,29.96153831
9/10/2003,29.83653831
9/11/2003,30.2692318
9/12/2003,30.31730843
9/15/2003,30.19230843
9/16/2003,30.70192337
9/17/2003,30.5
9/18/2003,30.875
9/19/2003,30.70192337
9/22/2003,30.19230843
9/23/2003,30.34615326
9/24/2003,29.625
9/25/2003,29.21153831
9/26/2003,28.72115326
9/29/2003,29.20192337
9/30/2003,28.66346169
10/1/2003,29.45192337
10/2/2003,29.56730843
10/3/2003,29.63461494
10/6/2003,29.6057682
10/7/2003,29.47115326
10/8/2003,29.03846169
10/9/2003,28.97115326
10/10/2003,28.19230843
10/13/2003,27.81730843
10/14/2003,28.16346169
10/15/2003,27.74038506
10/16/2003,27.90384674
10/17/2003,27.45192337
10/20/2003,27.67307663
10/21/2003,27.7692318
10/22/2003,27.25961494
10/23/2003,27.29807663
10/24/2003,27.21153831
10/27/2003,27.13461494
10/28/2003,27.42307663
10/29/2003,27.72115326
10/30/2003,27.7692318
10/31/2003,27.8942318
11/3/2003,27.69230843
11/4/2003,27.55769157
11/5/2003,27.33653831
11/6/2003,27.34615326
11/7/2003,27.03846169
11/10/2003,27.08653831
11/11/2003,27.02884674
11/12/2003,27.59615326
11/13/2003,27.25
11/14/2003,26.80769157
11/17/2003,26.74038506
11/18/2003,27.34615326
11/19/2003,28.33653831
11/20/2003,27.83653831
11/21/2003,27.46153831
11/24/2003,27.6442318
11/25/2003,27.79807663
11/26/2003,27.66346169
11/28/2003,27.56730843
12/1/2003,27.91346169
12/2/2003,28.34615326
12/3/2003,28.38461494
12/4/2003,28.02884674
12/5/2003,27.9807682
12/8/2003,28.24038506
12/9/2003,28.42307663
12/10/2003,28.57692337
12/11/2003,29.2307682
12/12/2003,28.95192337
12/15/2003,29.16346169
12/16/2003,29.47115326
12/17/2003,29.54807663
12/18/2003,29.66346169
12/19/2003,29.70192337
12/22/2003,29.80769157
12/23/2003,29.90384674
12/24/2003,29.71153831
12/26/2003,29.53846169
12/29/2003,29.6442318
12/30/2003,29.53846169
12/31/2003,29.78846169
1/2/2004,29.92307663
1/5/2004,30.36538506
1/6/2004,30.16346169
1/7/2004,30.46153831
1/8/2004,31.00961494
1/9/2004,30.57692337
1/12/2004,30.8557682
1/13/2004,30.3942318
1/14/2004,30.7692318
1/15/2004,30.7692318
1/16/2004,32.06730652
1/20/2004,32.07692337
1/21/2004,32.54807663
1/22/2004,32.23077011
1/23/2004,31.93269157
1/26/2004,32.82692337
1/27/2004,32.875
1/28/2004,32.46153641
1/29/2004,32.72115326
1/30/2004,32.33653641
2/2/2004,32.33653641
2/3/2004,31.93269157
2/4/2004,31.90384674
2/5/2004,32.23077011
2/6/2004,31.90384674
2/9/2004,31.625
2/10/2004,31.25
2/11/2004,31.80769157
2/12/2004,31.59615326
2/13/2004,31.46153831
2/17/2004,31.77884674
2/18/2004,31.49038506
2/19/2004,31.34615326
2/20/2004,31.44230843
2/23/2004,32.13461685
2/24/2004,32
2/25/2004,31.70192337
2/26/2004,31.41346169
2/27/2004,31.2692318
3/1/2004,31.52884674
3/2/2004,31.24038506
3/3/2004,31.58653831
3/4/2004,31.63461494
3/5/2004,31.50961494
3/8/2004,30.6057682
3/9/2004,30.34615326
3/10/2004,29.90384674
3/11/2004,29.25
3/12/2004,29.42307663
3/15/2004,29.13461494
3/16/2004,29.32692337
3/17/2004,29.57692337
3/18/2004,29.53846169
3/19/2004,28.9807682
3/22/2004,28.27884674
3/23/2004,28.07692337
3/24/2004,28.05769157
3/25/2004,28.55769157
3/26/2004,28.94230843
3/29/2004,29.30769157
3/30/2004,29.50961494
3/31/2004,29.34615326
4/1/2004,29.44230843
4/2/2004,29.86538506
4/5/2004,30.36538506
4/6/2004,30.30769157
4/7/2004,30.19230843
4/8/2004,30.20192337
4/12/2004,30.40384674
4/13/2004,29.80769157
4/14/2004,29.30769157
4/15/2004,29.57692337
4/16/2004,30.02884674
4/19/2004,29.90384674
4/20/2004,29.29807663
4/21/2004,29.5192318
4/22/2004,29.66346169
4/23/2004,29.50961494
4/26/2004,29.56730843
4/27/2004,29.375
4/28/2004,28.86538506
4/29/2004,28.8942318
4/30/2004,28.79807663
5/3/2004,29.13461494
5/4/2004,29.2692318
5/5/2004,29.31730843
5/6/2004,29.29807663
5/7/2004,28.84615326
5/10/2004,28.875
5/11/2004,29.08653831
5/12/2004,29.2307682
5/13/2004,29.18269157
5/14/2004,29
5/17/2004,28.81730843
5/18/2004,29.25961494
5/19/2004,29.08653831
5/20/2004,29.06730843
5/21/2004,29.47115326
5/24/2004,29.59615326
5/25/2004,30.00961494
5/26/2004,30.08653831
5/27/2004,30.05769157
5/28/2004,29.92307663
6/1/2004,29.84615326
6/2/2004,29.90384674
6/3/2004,29.80769157
6/4/2004,30.02884674
6/7/2004,30.46153831
6/8/2004,30.25961494
6/9/2004,29.9807682
6/10/2004,30.27884674
6/14/2004,30.3557682
6/15/2004,30.58653831
6/16/2004,30.875
6/17/2004,31.11538506
6/18/2004,31.32692337
6/21/2004,31.34615326
6/22/2004,31.58653831
6/23/2004,32.13461685
6/24/2004,31.99038506
6/25/2004,30.94230843
6/28/2004,31.06730843
6/29/2004,31.08653831
6/30/2004,31.15384674
7/1/2004,30.77884674
7/2/2004,30.45192337
7/6/2004,30.6057682
7/7/2004,30.78846169
7/8/2004,30.4807682
7/9/2004,30.93269157
7/12/2004,31.34615326
7/13/2004,31.57692337
7/14/2004,31.8557682
7/15/2004,32.08653641
7/16/2004,31.81730843
7/19/2004,31.95192337
7/20/2004,31.93269157
7/21/2004,31.34615326
7/22/2004,31.61538506
7/23/2004,31.2692318
7/26/2004,31.06730843
7/27/2004,31.53846169
7/28/2004,32.00961685
7/29/2004,31.93269157
7/30/2004,31.97115326
8/2/2004,31.9807682
8/3/2004,31.6057682
8/4/2004,31.61538506
8/5/2004,30.9807682
8/6/2004,30.30769157
8/9/2004,30.625
8/10/2004,30.8557682
8/11/2004,30.96153831
8/12/2004,30.3942318
8/13/2004,30.66346169
8/16/2004,31.05769157
8/17/2004,30.90384674
8/18/2004,31.5192318
8/19/2004,31.45192337
8/20/2004,31.3942318
8/23/2004,31.25961494
8/24/2004,31.375
8/25/2004,31.52884674
8/26/2004,31.52884674
8/27/2004,31.50961494
8/30/2004,31.31730843
8/31/2004,31.52884674
9/1/2004,31.61538506
9/2/2004,31.8557682
9/3/2004,31.57692337
9/7/2004,32.05769348
9/8/2004,32.36538315
9/9/2004,32.55769348
9/10/2004,32.57692337
9/13/2004,32.45192337
9/14/2004,32.51922989
9/15/2004,32.24038315
9/16/2004,32.24038315
9/17/2004,32.90384674
9/20/2004,32.89422989
9/21/2004,33.13461685
9/22/2004,32.625
9/23/2004,32.13461685
9/24/2004,32.125
9/27/2004,31.84615326
9/28/2004,32.02884674
9/29/2004,32.16346359
9/30/2004,32.28846359
10/1/2004,32.66346359
10/4/2004,32.80769348
10/5/2004,32.74038315
10/6/2004,33.05769348
10/7/2004,32.64422989
10/8/2004,32.44230652
10/11/2004,32.69230652
10/12/2004,32.71153641
10/13/2004,32.41346359
10/14/2004,32.17307663
10/15/2004,32.25961685
10/18/2004,32.58653641
10/19/2004,32.14422989
10/20/2004,31.94230843
10/21/2004,32.08653641
10/22/2004,31.68269157
10/25/2004,31.63461494
10/26/2004,32.33653641
10/27/2004,32.64422989
10/28/2004,32.72115326
10/29/2004,32.80769348
11/1/2004,32.74038315
11/2/2004,32.74038315
11/3/2004,33.00961685
11/4/2004,33.74038315
11/5/2004,33.83653641
11/8/2004,33.76922989
11/9/2004,34.05769348
11/10/2004,33.96153641
11/11/2004,34.42307663
11/12/2004,34.85577011
11/15/2004,34.71153641
11/16/2004,34.71153641
11/17/2004,34.95192337
11/18/2004,35.41346359
11/19/2004,34.875
11/22/2004,34.70192337
11/23/2004,34.43269348
11/24/2004,34.26922989
11/26/2004,34.07692337
11/29/2004,33.94230652
11/30/2004,34
12/1/2004,34.63461685
12/2/2004,34.55769348
12/3/2004,34.45192337
12/6/2004,34.29807663
12/7/2004,33.95192337
12/8/2004,34.33653641
12/9/2004,34.63461685
12/10/2004,35.27884674
12/13/2004,36.03846359
12/14/2004,35.94230652
12/15/2004,35.95192337
12/16/2004,35.68269348
12/17/2004,35.33653641
12/20/2004,35.68269348
12/21/2004,35.74038315
12/22/2004,35.42307663
12/23/2004,35.35577011
12/27/2004,35.16346359
12/28/2004,35.27884674
12/29/2004,35.15384674
12/30/2004,35.19230652
12/31/2004,35.09615326
1/3/2005,35.18269348
1/4/2005,34.75961685
1/5/2005,34.54807663
1/6/2005,34.82692337
1/7/2005,34.61538315
1/10/2005,34.52884674
1/11/2005,34.03846359
1/12/2005,34.30769348
1/13/2005,33.875
1/14/2005,34.15384674
1/18/2005,34.57692337
1/19/2005,34.07692337
1/20/2005,34.00961685
1/21/2005,33.77884674
1/24/2005,33.90384674
1/25/2005,34.32692337
1/26/2005,34.125
1/27/2005,34.24038315
1/28/2005,34.375
1/31/2005,34.74038315
2/1/2005,34.88461685
2/2/2005,34.85577011
2/3/2005,34.68269348
2/4/2005,34.85577011
2/7/2005,34.83653641
2/8/2005,35.02884674
2/9/2005,34.70192337
2/10/2005,34.66346359
2/11/2005,34.83653641
2/14/2005,34.92307663
2/15/2005,34.99038315
2/16/2005,34.82692337
2/17/2005,34.64422989
2/18/2005,34.5
2/22/2005,33.99038315
2/23/2005,33.91346359
2/24/2005,34.18269348
2/25/2005,34.25
2/28/2005,33.84615326
3/1/2005,33.86538315
3/2/2005,34.23077011
3/3/2005,34.18269348
3/4/2005,34.73077011
3/7/2005,34.74038315
3/8/2005,34.67307663
3/9/2005,34.36538315
3/10/2005,34.74038315
3/11/2005,34.44230652
3/14/2005,34.82692337
3/15/2005,34.61538315
3/16/2005,34.24038315
3/17/2005,34.00961685
3/18/2005,34.5
3/21/2005,34.625
3/22/2005,34.13461685
3/23/2005,34.13461685
3/24/2005,34.35577011
3/28/2005,34.58653641
3/29/2005,34.16346359
3/30/2005,34.80769348
3/31/2005,34.67307663
4/1/2005,34.10577011
4/4/2005,33.88461685
4/5/2005,34.13461685
4/6/2005,34.13461685
4/7/2005,34.40384674
4/8/2005,34.36538315
4/11/2005,34.44230652
4/12/2005,34.70192337
4/13/2005,34.26922989
4/14/2005,34.13461685
4/15/2005,34.375
4/18/2005,34.61538315
4/19/2005,34.61538315
4/20/2005,34.15384674
4/21/2005,34.73077011
4/22/2005,34.71153641
4/25/2005,34.98077011
4/26/2005,34.78846359
4/27/2005,35
4/28/2005,34.29807663
4/29/2005,34.80769348
5/2/2005,34.85577011
5/3/2005,34.71153641
5/4/2005,34.80769348
5/5/2005,34.47115326
5/6/2005,34.47115326
5/9/2005,34.83653641
5/10/2005,34.45192337
5/11/2005,34.79807663
5/12/2005,34.49038315
5/13/2005,34.32692337
5/16/2005,34.84615326
5/17/2005,35.05769348
5/18/2005,35.48077011
5/19/2005,35.5
5/20/2005,35.57692337
5/23/2005,35.75
5/24/2005,35.64422989
5/25/2005,35.44230652
5/26/2005,35.51922989
5/27/2005,35.46153641
5/31/2005,35.07692337
6/1/2005,35.50961685
6/2/2005,35.48077011
6/3/2005,35.28846359
6/6/2005,35.20192337
6/7/2005,35.42307663
6/8/2005,35.38461685
6/9/2005,35.375
6/10/2005,35.22115326
6/13/2005,35.14422989
6/14/2005,35.00961685
6/15/2005,34.92307663
6/16/2005,34.72115326
6/17/2005,35.09615326
6/20/2005,34.88461685
6/21/2005,34.75961685
6/22/2005,34.34615326
6/23/2005,33.32692337
6/24/2005,33.44230652
6/27/2005,33.27884674
6/28/2005,33.79807663
6/29/2005,33.65384674
6/30/2005,33.31730652
7/1/2005,33.40384674
7/5/2005,33.38461685
7/6/2005,33
7/7/2005,32.86538315
7/8/2005,33.64422989
7/11/2005,33.75961685
7/12/2005,33.75
7/13/2005,33.82692337
7/14/2005,34.25961685
7/15/2005,34.16346359
7/18/2005,33.84615326
7/19/2005,33.97115326
7/20/2005,33.94230652
7/21/2005,33.65384674
7/22/2005,33.72115326
7/25/2005,33.43269348
7/26/2005,33.36538315
7/27/2005,33.46153641
7/28/2005,33.53846359
7/29/2005,33.17307663
8/1/2005,32.93269348
8/2/2005,32.93269348
8/3/2005,32.89422989
8/4/2005,32.70192337
8/5/2005,32.50961685
8/8/2005,32.46153641
8/9/2005,32.82692337
8/10/2005,32.57692337
8/11/2005,33.18269348
8/12/2005,32.93269348
8/15/2005,32.89422989
8/16/2005,32.57692337
8/17/2005,32.78846359
8/18/2005,32.68269348
8/19/2005,32.64422989
8/22/2005,32.66346359
8/23/2005,32.66346359
8/24/2005,32.25
8/25/2005,32.21153641
8/26/2005,32.09615326
8/29/2005,32.30769348
8/30/2005,31.96153831
8/31/2005,32.31730652
9/1/2005,31.86538506
9/2/2005,32.04807663
9/6/2005,32.63461685
9/7/2005,32.70192337
9/8/2005,32.54807663
9/9/2005,32.67307663
9/12/2005,33.10577011
9/13/2005,32.96153641
9/14/2005,32.74038315
9/15/2005,33.05769348
9/16/2005,33.14422989
9/19/2005,32.74038315
9/20/2005,32.53846359
9/21/2005,32.25961685
9/22/2005,32.01922989
9/23/2005,32.11538315
9/26/2005,31.99038506
9/27/2005,32.34615326
9/28/2005,32.20192337
9/29/2005,32.35577011
9/30/2005,32.375
10/3/2005,31.95192337
10/4/2005,31.58653831
10/5/2005,31.42307663
10/6/2005,32.29807663
10/7/2005,32.90384674
10/10/2005,32.68269348
10/11/2005,32.5
10/12/2005,32.5
10/13/2005,32.71153641
10/14/2005,33.01922989
10/17/2005,32.70192337
10/18/2005,32.69230652
10/19/2005,33.08653641
10/20/2005,32.57692337
10/21/2005,32.43269348
10/24/2005,32.81730652
10/25/2005,32.60577011
10/26/2005,32.40384674
10/27/2005,32.28846359
10/28/2005,32.74038315
10/31/2005,32.60577011
11/1/2005,32.30769348
11/2/2005,32.50961685
11/3/2005,32.67307663
11/4/2005,32.71153641
11/7/2005,32.71153641
11/8/2005,32.46153641
11/9/2005,32.61538315
11/10/2005,33.17307663
11/11/2005,33.31730652
11/14/2005,33.07692337
11/15/2005,33.07692337
11/16/2005,33.21153641
11/17/2005,33.32692337
11/18/2005,34.375
11/21/2005,34.80769348
11/22/2005,34.67307663
11/23/2005,34.55769348
11/25/2005,34.80769348
11/28/2005,34.59615326
11/29/2005,34.54807663
11/30/2005,34.34615326
12/1/2005,34.375
12/2/2005,34.13461685
12/5/2005,34.39422989
12/6/2005,34.42307663
12/7/2005,34.20192337
12/8/2005,33.99038315
12/9/2005,34.16346359
12/12/2005,34.18269348
12/13/2005,34.10577011
12/14/2005,34.39422989
12/15/2005,34.61538315
12/16/2005,34.67307663
12/19/2005,34.44230652
12/20/2005,34.17307663
12/21/2005,33.96153641
12/22/2005,34.05769348
12/23/2005,34.05769348
12/27/2005,33.71153641
12/28/2005,33.75961685
12/29/2005,33.83653641
12/30/2005,33.70192337
1/3/2006,34.00961685
1/4/2006,33.96153641
1/5/2006,33.875
1/6/2006,34.10577011
1/9/2006,34.01922989
1/10/2006,33.83653641
1/11/2006,34.06730652
1/12/2006,33.65384674
1/13/2006,33.75
1/17/2006,33.59615326
1/18/2006,33.48077011
1/19/2006,33.34615326
1/20/2006,32.08653641
1/23/2006,32.00961685
1/24/2006,31.69230843
1/25/2006,31.5
1/26/2006,31.75
1/27/2006,31.68269157
1/30/2006,31.66346169
1/31/2006,31.49038506
2/1/2006,31.86538506
2/2/2006,31.63461494
2/3/2006,31.58653831
2/6/2006,31.49038506
2/7/2006,31.06730843
2/8/2006,31.4807682
2/9/2006,31.65384674
2/10/2006,32
2/13/2006,31.97115326
2/14/2006,32.17307663
2/15/2006,32.17307663
2/16/2006,32.06730652
2/17/2006,32.31730652
2/21/2006,32.07692337
2/22/2006,32.34615326
2/23/2006,31.9807682
2/24/2006,31.86538506
2/27/2006,32.03846359
2/28/2006,31.6057682
3/1/2006,31.5
3/2/2006,31.58653831
3/3/2006,31.78846169
3/6/2006,31.82692337
3/7/2006,31.875
3/8/2006,32.14422989
3/9/2006,31.92307663
3/10/2006,32.35577011
3/13/2006,32.375
3/14/2006,32.48077011
3/15/2006,33.09615326
3/16/2006,33.05769348
3/17/2006,33.18269348
3/20/2006,33.17307663
3/21/2006,33.01922989
3/22/2006,33.20192337
3/23/2006,32.80769348
3/24/2006,32.64422989
3/27/2006,32.49038315
3/28/2006,32.30769348
3/29/2006,32.625
3/30/2006,33.31730652
3/31/2006,33.44230652
4/3/2006,33.35577011
4/4/2006,33.36538315
4/5/2006,33.09615326
4/6/2006,33.18269348
4/7/2006,32.72115326
4/10/2006,32.61538315
4/11/2006,32.74038315
4/12/2006,33.13461685
4/13/2006,32.58653641
4/17/2006,32.00961685
4/18/2006,32.56730652
4/19/2006,32.58653641
4/20/2006,32.80769348
4/21/2006,32.66346359
4/24/2006,32.625
4/25/2006,32.66346359
4/26/2006,32.81730652
4/27/2006,33.10577011
4/28/2006,33.25961685
5/1/2006,33.06730652
5/2/2006,33.15384674
5/3/2006,33.07692337
5/4/2006,33.46153641
5/5/2006,33.80769348
5/8/2006,33.65384674
5/9/2006,33.65384674
5/10/2006,33.36538315
5/11/2006,33.18269348
5/12/2006,32.96153641
5/15/2006,33.23077011
5/16/2006,33.45192337
5/17/2006,33.09615326
5/18/2006,32.83653641
5/19/2006,32.84615326
5/22/2006,32.75961685
5/23/2006,32.70192337
5/24/2006,32.94230652
5/25/2006,33.09615326
5/26/2006,33.00961685
5/30/2006,32.74038315
5/31/2006,32.94230652
6/1/2006,33.22115326
6/2/2006,33.32692337
6/5/2006,32.90384674
6/6/2006,33.22115326
6/7/2006,33.07692337
6/8/2006,33.24038315
6/9/2006,32.75961685
6/12/2006,32.56730652
6/13/2006,32.43269348
6/14/2006,32.59615326
6/15/2006,32.79807663
6/16/2006,32.625
6/19/2006,32.42307663
6/20/2006,32.40384674
6/21/2006,32.375
6/22/2006,31.96153831
6/23/2006,31.88461494
6/26/2006,31.93269157
6/27/2006,31.61538506
6/28/2006,31.66346169
6/29/2006,31.99038506
6/30/2006,31.69230843
7/3/2006,32.04807663
7/5/2006,32.02884674
7/6/2006,32.21153641
7/7/2006,32.01922989
7/10/2006,32.16346359
7/11/2006,31.9807682
7/12/2006,31.78846169
7/13/2006,31.41346169
7/14/2006,30.875
7/17/2006,31.11538506
7/18/2006,31.21153831
7/19/2006,31.61538506
7/20/2006,31.2307682
7/21/2006,31.00961494
7/24/2006,31.36538506
7/25/2006,31.44230843
7/26/2006,31.42307663
7/27/2006,31.3942318
7/28/2006,31.75
7/31/2006,31.43269157
8/1/2006,31.30769157
8/2/2006,31.34615326
8/3/2006,31.47115326
8/4/2006,31.53846169
8/7/2006,31.43269157
8/8/2006,31.09615326
8/9/2006,31.03846169
8/10/2006,31.41346169
8/11/2006,31.25
8/14/2006,31.55769157
8/15/2006,31.92307663
8/16/2006,32.41346359
8/17/2006,32.61538315
8/18/2006,32.69230652
8/21/2006,32.65384674
8/22/2006,32.65384674
8/23/2006,32.49038315
8/24/2006,32.54807663
8/25/2006,32.53846359
8/28/2006,32.625
8/29/2006,32.875
8/30/2006,32.95192337
8/31/2006,32.75
9/1/2006,32.82692337
9/5/2006,32.66346359
9/6/2006,32.64422989
9/7/2006,32.73077011
9/8/2006,32.70192337
9/11/2006,33.10577011
9/12/2006,33.33653641
9/13/2006,33.5
9/14/2006,33.44230652
9/15/2006,33.50961685
9/18/2006,33.52884674
9/19/2006,33.50961685
9/20/2006,33.67307663
9/21/2006,33.11538315
9/22/2006,33.07692337
9/25/2006,33.54807663
9/26/2006,34.07692337
9/27/2006,33.98077011
9/28/2006,34.11538315
9/29/2006,33.94230652
10/2/2006,34.13461685
10/3/2006,34.33653641
10/4/2006,34.71153641
10/5/2006,34.89422989
10/6/2006,34.75
10/9/2006,34.76922989
10/10/2006,34.90384674
10/11/2006,34.77884674
10/12/2006,34.82692337
10/13/2006,34.59615326
10/16/2006,34.19230652
10/17/2006,34.19230652
10/18/2006,34.19230652
10/19/2006,33.92307663
10/20/2006,34.10577011
10/23/2006,34.16346359
10/24/2006,34.05769348
10/25/2006,34.24038315
10/26/2006,34.22115326
10/27/2006,33.85577011
10/30/2006,33.84615326
10/31/2006,33.75961685
11/1/2006,33.55769348
11/2/2006,33.375
11/3/2006,33.43269348
11/6/2006,33.91346359
11/7/2006,34.17307663
11/8/2006,34.21153641
11/9/2006,33.93269348
11/10/2006,33.81730652
11/13/2006,34
11/14/2006,34.22115326
11/15/2006,34.41346359
11/16/2006,34.57692337
11/17/2006,34.85577011
11/20/2006,34.59615326
11/21/2006,34.42307663
11/22/2006,34.60577011
11/24/2006,34.31730652
11/27/2006,34.08653641
11/28/2006,33.84615326
11/29/2006,33.99038315
11/30/2006,33.92307663
12/1/2006,33.92307663
12/4/2006,34.02884674
12/5/2006,33.91346359
12/6/2006,33.75961685
12/7/2006,33.80769348
12/8/2006,33.91346359
12/11/2006,33.86538315
12/12/2006,34.26922989
12/13/2006,34.13461685
12/14/2006,34.81730652
12/15/2006,35.92307663
12/18/2006,36.53846359
12/19/2006,36.54807663
12/20/2006,36.68269348
12/21/2006,36.31730652
12/22/2006,36.125
12/26/2006,36.25961685
12/27/2006,36.33653641
12/28/2006,36.03846359
12/29/2006,35.77884674
1/3/2007,36.50961685
1/4/2007,36.29807663
1/5/2007,36.11538315
1/8/2007,36.10577011
1/9/2007,36.10577011
1/10/2007,36.11538315
1/11/2007,36.46153641
1/12/2007,36.43269348
1/16/2007,36.64422989
1/17/2007,36.51922989
1/18/2007,36.53846359
1/19/2007,35.52884674
1/22/2007,35.33653641
1/23/2007,35.14422989
1/24/2007,35.23077011
1/25/2007,34.94230652
1/26/2007,34.68269348
1/29/2007,34.79807663
1/30/2007,34.64422989
1/31/2007,34.66346359
2/1/2007,34.83653641
2/2/2007,34.875
2/5/2007,34.97115326
2/6/2007,34.91346359
2/7/2007,34.71153641
2/8/2007,34.36538315
2/9/2007,34.16346359
2/12/2007,34.26922989
2/13/2007,34.39422989
2/14/2007,35.06730652
2/15/2007,34.75
2/16/2007,34.49038315
2/20/2007,34.72115326
2/21/2007,34.52884674
2/22/2007,34.03846359
2/23/2007,33.75
2/26/2007,33.98077011
2/27/2007,33.32692337
2/28/2007,33.56730652
3/1/2007,33.65384674
3/2/2007,33.52884674
3/5/2007,33.22115326
3/6/2007,33.38461685
3/7/2007,33.00961685
3/8/2007,33.125
3/9/2007,33
3/12/2007,33.11538315
3/13/2007,32.77884674
3/14/2007,32.99038315
3/15/2007,33.19230652
3/16/2007,33.03846359
3/19/2007,33.33653641
3/20/2007,33.43269348
3/21/2007,34.11538315
3/22/2007,34.43269348
3/23/2007,34.44230652
3/26/2007,34.61538315
3/27/2007,34.41346359
3/28/2007,34.18269348
3/29/2007,34.18269348
3/30/2007,34
4/2/2007,33.93269348
4/3/2007,33.96153641
4/4/2007,33.75961685
4/5/2007,33.67307663
4/9/2007,33.44230652
4/10/2007,33.53846359
4/11/2007,33.60577011
4/12/2007,33.82692337
4/13/2007,34.01922989
4/16/2007,34
4/17/2007,33.84615326
4/18/2007,33.77884674
4/19/2007,33.65384674
4/20/2007,33.77884674
4/23/2007,33.46153641
4/24/2007,33.42307663
4/25/2007,34.04807663
4/26/2007,34.46153641
4/27/2007,35.42307663
4/30/2007,35.44230652
5/1/2007,35.67307663
5/2/2007,35.875
5/3/2007,35.90384674
5/4/2007,35.72115326
5/7/2007,35.80769348
5/8/2007,35.65384674
5/9/2007,35.82692337
5/10/2007,35.36538315
5/11/2007,35.54807663
5/14/2007,35.19230652
5/15/2007,35.23077011
5/16/2007,35.41346359
5/17/2007,35.125
5/18/2007,35.53846359
5/21/2007,35.67307663
5/22/2007,35.90384674
5/23/2007,36.15384674
5/24/2007,35.94230652
5/25/2007,36.11538315
5/29/2007,35.96153641
5/30/2007,36.27884674
5/31/2007,36.13461685
6/1/2007,36.00961685
6/4/2007,36.35577011
6/5/2007,35.96153641
6/6/2007,35.85577011
6/7/2007,35.34615326
6/8/2007,35.88461685
6/11/2007,36.01922989
6/12/2007,35.625
6/13/2007,36.19230652
6/14/2007,36.34615326
6/15/2007,36.65384674
6/18/2007,36.60577011
6/19/2007,37.77884674
6/20/2007,37.56730652
6/21/2007,37.30769348
6/22/2007,36.76922989
6/25/2007,36.74038315
6/26/2007,36.55769348
6/27/2007,36.59615326
6/28/2007,36.65384674
6/29/2007,36.80769348
7/2/2007,36.78846359
7/3/2007,37.21153641
7/5/2007,37.05769348
7/6/2007,37
7/9/2007,37.13461685
7/10/2007,36.44230652
7/11/2007,36.73077011
7/12/2007,37.5
7/13/2007,37.98077011
7/16/2007,38.57692337
7/17/2007,39.14422989
7/18/2007,38.89422989
7/19/2007,39.14422989
7/20/2007,38.57692337
7/23/2007,39.25
7/24/2007,38.67307663
7/25/2007,38.86538315
7/26/2007,38.00961685
7/27/2007,37.29807663
7/30/2007,37.75961685
7/31/2007,37.26922989
8/1/2007,37.45192337
8/2/2007,37.52884674
8/3/2007,36.59615326
8/6/2007,37.59615326
8/7/2007,37.96153641
8/8/2007,38.90384674
8/9/2007,37.44230652
8/10/2007,36.75961685
8/13/2007,36.70192337
8/14/2007,36.23077011
8/15/2007,35.48077011
8/16/2007,35.76922989
8/17/2007,36.97115326
8/20/2007,36.75
8/21/2007,36.875
8/22/2007,37.63461685
8/23/2007,37.61538315
8/24/2007,37.89422989
8/27/2007,37.5
8/28/2007,36.58653641
8/29/2007,37.22115326
8/30/2007,36.92307663
8/31/2007,37.375
9/4/2007,37.53846359
9/5/2007,37.25961685
9/6/2007,37.88461685
9/7/2007,37.25961685
9/10/2007,37.68269348
9/11/2007,37.98077011
9/12/2007,38.36538315
9/13/2007,38.95192337
9/14/2007,38.79807663
9/17/2007,38.63461685
9/18/2007,40.07692337
9/19/2007,40.16346359
9/20/2007,39.65384674
9/21/2007,39.66346359
9/24/2007,39.27884674
9/25/2007,39.51922989
9/26/2007,39.68269348
9/27/2007,39.79807663
9/28/2007,39.80769348
10/1/2007,40.40384674
10/2/2007,40.5
10/3/2007,39.95192337
10/4/2007,40.09615326
10/5/2007,40.16346359
10/8/2007,39.93269348
10/9/2007,40.40384674
10/10/2007,40.20192337
10/11/2007,40
10/12/2007,39.45192337
10/15/2007,39.25
10/16/2007,39.20192337
10/17/2007,39.42307663
10/18/2007,39.22115326
10/19/2007,38.5
10/22/2007,38.625
10/23/2007,38.92307663
10/24/2007,38.68269348
10/25/2007,38.61538315
10/26/2007,38.82692337
10/29/2007,39
10/30/2007,38.92307663
10/31/2007,39.57692337
11/1/2007,38.78846359
11/2/2007,38.77884674
11/5/2007,38.65384674
11/6/2007,38.63461685
11/7/2007,37.57692337
11/8/2007,37.51922989
11/9/2007,36.90384674
11/12/2007,36.77884674
11/13/2007,37.70192337
11/14/2007,37.50961685
11/15/2007,36.83653641
11/16/2007,37.16346359
11/19/2007,36.69230652
11/20/2007,36.57692337
11/21/2007,35.74038315
11/23/2007,36.22115326
11/26/2007,35.31730652
11/27/2007,36.00961685
11/28/2007,36.98077011
11/29/2007,36.67307663
11/30/2007,36.81730652
12/3/2007,35.50961685
12/4/2007,34.85577011
12/5/2007,35.29807663
12/6/2007,35.82692337
12/7/2007,35.79807663
12/10/2007,35.97115326
12/11/2007,35.60577011
12/12/2007,35.81730652
12/13/2007,36.13461685
12/14/2007,35.49038315
12/17/2007,35.07692337
12/18/2007,35.38461685
12/19/2007,35.16346359
12/20/2007,35.11538315
12/21/2007,35.71153641
12/24/2007,36.08653641
12/26/2007,36.10577011
12/27/2007,35.75961685
12/28/2007,35.90384674
12/31/2007,35.64422989
1/2/2008,35.34615326
1/3/2008,35.38461685
1/4/2008,34.65384674
1/7/2008,34.78846359
1/8/2008,34.03846359
1/9/2008,34.42307663
1/10/2008,34.53846359
1/11/2008,33.81730652
1/14/2008,34.09615326
1/15/2008,33.20192337
1/16/2008,33.23077011
1/17/2008,31.93269157
1/18/2008,32.99038315
1/22/2008,32.74038315
1/23/2008,33.25961685
1/24/2008,33.31730652
1/25/2008,32.69230652
1/28/2008,33.38461685
1/29/2008,33.42307663
1/30/2008,33.59615326
1/31/2008,34
2/1/2008,34.76922989
2/4/2008,34.00961685
2/5/2008,32.89422989
2/6/2008,32.88461685
2/7/2008,32.91346359
2/8/2008,32.53846359
2/11/2008,32.70192337
2/12/2008,33.04807663
2/13/2008,33.63461685
2/14/2008,33.06730652
2/15/2008,33.04807663
2/19/2008,32.96153641
2/20/2008,33.03846359
2/21/2008,32.39422989
2/22/2008,32.25961685
2/25/2008,32.89422989
2/26/2008,32.63461685
2/27/2008,32.71153641
2/28/2008,32.54807663
2/29/2008,31.86538506
3/3/2008,32.11538315
3/4/2008,32.23077011
3/5/2008,32.375
3/6/2008,31.59615326
3/7/2008,30.99038506
3/10/2008,30.4807682
3/11/2008,32.11538315
3/12/2008,32.65384674
3/13/2008,32.93269348
3/14/2008,32.51922989
3/17/2008,33.00961685
3/18/2008,34.75
3/19/2008,34.22115326
3/20/2008,36.04807663
3/24/2008,35.96153641
3/25/2008,35.83653641
3/26/2008,35.70192337
3/27/2008,35.41346359
3/28/2008,35.20192337
3/31/2008,35.58653641
4/1/2008,36.95192337
4/2/2008,36.55769348
4/3/2008,36.38461685
4/4/2008,36.11538315
4/7/2008,35.82692337
4/8/2008,35.52884674
4/9/2008,35.03846359
4/10/2008,35.33653641
4/11/2008,30.81730843
4/14/2008,30.52884674
4/15/2008,30.75
4/16/2008,30.99038506
4/17/2008,30.78846169
4/18/2008,31.43269157
4/21/2008,31.21153831
4/22/2008,31.08653831
4/23/2008,31.11538506
4/24/2008,31.54807663
4/25/2008,32.04807663
4/28/2008,31.8942318
4/29/2008,31.55769157
4/30/2008,31.44230843
5/1/2008,31.84615326
5/2/2008,32.05769348
5/5/2008,31.90384674
5/6/2008,31.7307682
5/7/2008,31.31730843
5/8/2008,31.33653831
5/9/2008,31.02884674
5/12/2008,31.15384674
5/13/2008,31.08653831
5/14/2008,31.25961494
5/15/2008,31.125
5/16/2008,30.8942318
5/19/2008,31.15384674
5/20/2008,30.5
5/21/2008,29.79807663
5/22/2008,29.81730843
5/23/2008,29.25961494
5/27/2008,29.2307682
5/28/2008,29.375
5/29/2008,29.46153831
5/30/2008,29.53846169
6/2/2008,29.24038506
6/3/2008,29.28846169
6/4/2008,29.27884674
6/5/2008,29.86538506
6/6/2008,28.86538506
6/9/2008,28.90384674
6/10/2008,29.16346169
6/11/2008,28.68269157
6/12/2008,27.93269157
6/13/2008,28.02884674
6/16/2008,27.8557682
6/17/2008,27.75
6/18/2008,27.125
6/19/2008,26.83653831
6/20/2008,26.32692337
6/23/2008,26.34615326
6/24/2008,26.52884674
6/25/2008,26.91346169
6/26/2008,25.50961494
6/27/2008,25.25
6/30/2008,25.66346169
7/1/2008,26.07692337
7/2/2008,25.49038506
7/3/2008,25.875
7/7/2008,26.05769157
7/8/2008,26.9807682
7/9/2008,26.1442318
7/10/2008,26.57692337
7/11/2008,26.59615326
7/14/2008,26.13461494
7/15/2008,25.625
7/16/2008,26.61538506
7/17/2008,26.92307663
7/18/2008,26.92307663
7/21/2008,26.625
7/22/2008,27.40384674
7/23/2008,28.20192337
7/24/2008,27.6057682
7/25/2008,27.6057682
7/28/2008,26.625
7/29/2008,27.30769157
7/30/2008,27.8557682
7/31/2008,27.20192337
8/1/2008,27.125
8/4/2008,27.08653831
8/5/2008,28.125
8/6/2008,27.88461494
8/7/2008,27.47115326
8/8/2008,28.5
8/11/2008,28.79807663
8/12/2008,28.59615326
8/13/2008,28.18269157
8/14/2008,28.38461494
8/15/2008,28.65384674
8/18/2008,28.22115326
8/19/2008,27.6057682
8/20/2008,27.54807663
8/21/2008,27.6442318
8/22/2008,28
8/25/2008,27.2307682
8/26/2008,27.18269157
8/27/2008,27.13461494
8/28/2008,27.72115326
8/29/2008,27.0192318
9/2/2008,27.43269157
9/3/2008,27.47115326
9/4/2008,26.63461494
9/5/2008,26.80769157
9/8/2008,27.97115326
9/9/2008,27.03846169
9/10/2008,27.00961494
9/11/2008,27.07692337
9/12/2008,25.72115326
9/15/2008,23.65384674
9/16/2008,24.09615326
9/17/2008,22.49038506
9/18/2008,23.83653831
9/19/2008,25.59615326
9/22/2008,25.1442318
9/23/2008,23.99038506
9/24/2008,23.6442318
9/25/2008,24.69230843
9/26/2008,24.27884674
9/29/2008,22.21153831
9/30/2008,24.5192318
10/1/2008,23.55769157
10/2/2008,21.29807663
10/3/2008,20.74038506
10/6/2008,20.55769157
10/7/2008,19.5192318
10/8/2008,19.8557682
10/9/2008,18.27884674
10/10/2008,20.67307663
10/13/2008,20.19230843
10/14/2008,20.04807663
10/15/2008,18.50961494
10/16/2008,19.125
10/17/2008,18.875
10/20/2008,19.36538506
10/21/2008,19.56730843
10/22/2008,18.2307682
10/23/2008,18.07692337
10/24/2008,17.1442318
10/27/2008,17.04807663
10/28/2008,18.74038506
10/29/2008,18.46153831
10/30/2008,18.6057682
10/31/2008,18.75961494
11/3/2008,18.55769157
11/4/2008,19.97115326
11/5/2008,19.16346169
11/6/2008,17.63461494
11/7/2008,18.13461494
11/10/2008,17.74038506
11/11/2008,17.125
11/12/2008,15.66346169
11/13/2008,16.21153831
11/14/2008,15.40384579
11/17/2008,15.49038506
11/18/2008,15.44230843
11/19/2008,13.89423084
11/20/2008,12.34615421
11/21/2008,13.49038506
11/24/2008,14.67307663
11/25/2008,15.16346169
11/26/2008,15.56730843
11/28/2008,16.50961494
12/1/2008,14.90384579
12/2/2008,16.93269157
12/3/2008,17.43269157
12/4/2008,16.875
12/5/2008,17.16346169
12/8/2008,18.15384674
12/9/2008,17.09615326
12/10/2008,17.30769157
12/11/2008,16.3942318
12/12/2008,16.45192337
12/15/2008,16.29807663
12/16/2008,17.2307682
12/17/2008,16.72115326
12/18/2008,15.34615421
12/19/2008,15.86538506
12/22/2008,15.45192337
12/23/2008,15.79807663
12/24/2008,15.49038506
12/26/2008,15.35576916
12/29/2008,15.05769157
12/30/2008,15.21153831
12/31/2008,15.57692337
1/2/2009,16.41346169
1/5/2009,15.99038506
1/6/2009,16.21153831
1/7/2009,15.49038506
1/8/2009,15.51923084
1/9/2009,15.38461494
1/12/2009,15.22115421
1/13/2009,14.36538506
1/14/2009,13.56730843
1/15/2009,13.24038506
1/16/2009,13.42307663
1/20/2009,12.43269157
1/21/2009,12.52884579
1/22/2009,12.96153831
1/23/2009,11.56730843
1/26/2009,11.94230843
1/27/2009,12.55769157
1/28/2009,12.98076916
1/29/2009,12.23076916
1/30/2009,11.66346169
2/2/2009,11.17307663
2/3/2009,10.93269157
2/4/2009,10.82692337
2/5/2009,10.43269157
2/6/2009,10.67307663
2/9/2009,12.15384579
2/10/2009,11.17307663
2/11/2009,11.48076916
2/12/2009,11.23076916
2/13/2009,11
2/17/2009,10.39423084
2/18/2009,10.44230843
2/19/2009,9.67307663
2/20/2009,9.019230843
2/23/2009,8.509614944
2/24/2009,8.730769157
2/25/2009,8.663461685
2/26/2009,8.75
2/27/2009,8.182691574
3/2/2009,7.307692051
3/3/2009,6.740385056
3/4/2009,6.432692051
3/5/2009,6.403845787
3/6/2009,6.788462162
3/9/2009,7.125
3/10/2009,8.528845787
3/11/2009,8.163461685
3/12/2009,9.20192337
3/13/2009,9.25
3/16/2009,9.288461685
3/17/2009,9.615385056
3/18/2009,9.92307663
3/19/2009,9.740385056
3/20/2009,9.17307663
3/23/2009,10.02884579
3/24/2009,10.00961494
3/25/2009,10.08653831
3/26/2009,10.48076916
3/27/2009,10.36538506
3/30/2009,9.54807663
3/31/2009,9.721154213
4/1/2009,9.778845787
4/2/2009,10.32692337
4/3/2009,10.51923084
4/6/2009,10.75961494
4/7/2009,10.24038506
4/8/2009,10.23076916
4/9/2009,10.89423084
4/13/2009,11.66346169
4/14/2009,11.06730843
4/15/2009,11.375
4/16/2009,11.79807663
4/17/2009,11.91346169
4/20/2009,10.91346169
4/21/2009,11.25
4/22/2009,11.34615421
4/23/2009,11.42307663
4/24/2009,11.64423084
4/27/2009,11.625
4/28/2009,11.53846169
4/29/2009,11.75
4/30/2009,12.16346169
5/1/2009,12.20192337
5/4/2009,12.59615421
5/5/2009,12.59615421
5/6/2009,13.14423084
5/7/2009,13.42307663
5/8/2009,13.97115421
5/11/2009,13.64423084
5/12/2009,13.15384579
5/13/2009,12.41346169
5/14/2009,12.53846169
5/15/2009,12.36538506
5/18/2009,12.95192337
5/19/2009,13.17307663
5/20/2009,13.24038506
5/21/2009,12.73076916
5/22/2009,12.59615421
5/26/2009,12.875
5/27/2009,12.49038506
5/28/2009,12.68269157
5/29/2009,12.96153831
6/1/2009,13.32692337
6/2/2009,13.26923084
6/3/2009,12.98076916
6/4/2009,13.22115421
6/5/2009,13.01923084
6/8/2009,13.03846169
6/9/2009,13.04807663
6/10/2009,12.88461494
6/11/2009,12.94230843
6/12/2009,12.99038506
6/15/2009,12.64423084
6/16/2009,12.28846169
6/17/2009,11.77884579
6/18/2009,11.50961494
6/19/2009,11.63461494
6/22/2009,11.07692337
6/23/2009,11.15384579
6/24/2009,11.25
6/25/2009,11.40384579
6/26/2009,11.29807663
6/29/2009,11.30769157
6/30/2009,11.26923084
7/1/2009,11.32692337
7/2/2009,11.01923084
7/6/2009,11.03846169
7/7/2009,10.58653831
7/8/2009,10.29807663
7/9/2009,10.44230843
7/10/2009,10.36538506
7/13/2009,11.01923084
7/14/2009,11.19230843
7/15/2009,11.76923084
7/16/2009,11.92307663
7/17/2009,11.20192337
7/20/2009,11.22115421
7/21/2009,11.02884579
7/22/2009,11.18269157
7/23/2009,11.49038506
7/24/2009,11.56730843
7/27/2009,11.84615421
7/28/2009,12.03846169
7/29/2009,11.78846169
7/30/2009,12.60576916
7/31/2009,12.88461494
8/3/2009,13.19230843
8/4/2009,13.28846169
8/5/2009,13.45192337
8/6/2009,13.75961494
8/7/2009,14.13461494
8/10/2009,14.00961494
8/11/2009,13.45192337
8/12/2009,13.58653831
8/13/2009,13.55769157
8/14/2009,13.38461494
8/17/2009,12.84615421
8/18/2009,13.06730843
8/19/2009,13.00961494
8/20/2009,13.27884579
8/21/2009,13.66346169
8/24/2009,13.65384579
8/25/2009,13.75
8/26/2009,13.56730843
8/27/2009,13.64423084
8/28/2009,13.53846169
8/31/2009,13.36538506
9/1/2009,12.82692337
9/2/2009,12.69230843
9/3/2009,12.93269157
9/4/2009,13.33653831
9/8/2009,13.94230843
9/9/2009,14.29807663
9/10/2009,14.23076916
9/11/2009,14.10576916
9/14/2009,14.75961494
9/15/2009,15.38461494
9/16/2009,16.34615326
9/17/2009,16.0192318
9/18/2009,15.86538506
9/21/2009,16.11538506
9/22/2009,16.3557682
9/23/2009,16.34615326
9/24/2009,15.94230843
9/25/2009,15.74038506
9/28/2009,16.11538506
9/29/2009,16.06730843
9/30/2009,15.78846169
10/1/2009,15.35576916
10/2/2009,14.76923084
10/5/2009,15.22115421
10/6/2009,15.46153831
10/7/2009,15.53846169
10/8/2009,15.59615421
10/9/2009,15.55769157
10/12/2009,15.70192337
10/13/2009,15.75961494
10/14/2009,16.19230843
10/15/2009,16.1442318
10/16/2009,15.46153831
10/19/2009,15.23076916
10/20/2009,14.98076916
10/21/2009,14.93269157
10/22/2009,14.75
10/23/2009,14.61538506
10/26/2009,14.43269157
10/27/2009,14.35576916
10/28/2009,13.86538506
10/29/2009,14.29807663
10/30/2009,13.71153831
11/2/2009,13.91346169
11/3/2009,13.76923084
11/4/2009,13.64423084
11/5/2009,13.875
11/6/2009,14.74038506
11/9/2009,15.24038506
11/10/2009,15.17307663
11/11/2009,15.22115421
11/12/2009,15.14423084
11/13/2009,15.05769157
11/16/2009,15.38461494
11/17/2009,15.40384579
11/18/2009,15.47115421
11/19/2009,15.15384579
11/20/2009,14.99038506
11/23/2009,15.40384579
11/24/2009,15.5
11/25/2009,15.55769157
11/27/2009,15.32692337
11/30/2009,15.40384579
12/1/2009,15.54807663
12/2/2009,15.45192337
12/3/2009,15.38461494
12/4/2009,15.57692337
12/7/2009,15.46153831
12/8/2009,15.11538506
12/9/2009,15.05769157
12/10/2009,15.00961494
12/11/2009,15.30769157
12/14/2009,15.33653831
12/15/2009,15.14423084
12/16/2009,15.08653831
12/17/2009,15.18269157
12/18/2009,14.99038506
12/21/2009,14.97115421
12/22/2009,14.88461494
12/23/2009,14.81730843
12/24/2009,14.84615421
12/28/2009,14.75
12/29/2009,14.84615421
12/30/2009,14.75961494
12/31/2009,14.54807663
1/4/2010,14.85576916
1/5/2010,14.93269157
1/6/2010,14.85576916
1/7/2010,15.625
1/8/2010,15.96153831
1/11/2010,16.11538506
1/12/2010,16.125
1/13/2010,16.18269157
1/14/2010,16.05769157
1/15/2010,15.80769157
1/19/2010,15.90384579
1/20/2010,15.86538506
1/21/2010,15.40384579
1/22/2010,15.49038506
1/25/2010,15.74038506
1/26/2010,15.72115421
1/27/2010,15.67307663
1/28/2010,15.53846169
1/29/2010,15.46153831
2/1/2010,15.625
2/2/2010,16.20192337
2/3/2010,16.03846169
2/4/2010,15.42307663
2/5/2010,15.18269157
2/8/2010,15
2/9/2010,15
2/10/2010,15.08653831
2/11/2010,15.16346169
2/12/2010,14.95192337
2/16/2010,15.42307663
2/17/2010,15.52884579
2/18/2010,15.61538506
2/19/2010,15.54807663
2/22/2010,15.625
2/23/2010,15.33653831
2/24/2010,15.5
2/25/2010,15.30769157
2/26/2010,15.44230843
3/1/2010,15.28846169
3/2/2010,15.28846169
3/3/2010,15.41346169
3/4/2010,15.49038506
3/5/2010,15.72115421
3/8/2010,15.64423084
3/9/2010,15.85576916
3/10/2010,15.875
3/11/2010,15.84615421
3/12/2010,16.38461494
3/15/2010,16.625
3/16/2010,17.375
3/17/2010,17.34615326
3/18/2010,17.49038506
3/19/2010,17.375
3/22/2010,17.375
3/23/2010,17.625
3/24/2010,17.74038506
3/25/2010,17.59615326
3/26/2010,17.63461494
3/29/2010,17.69230843
3/30/2010,17.59615326
3/31/2010,17.5
4/1/2010,17.625
4/5/2010,17.81730843
4/6/2010,17.88461494
4/7/2010,17.78846169
4/8/2010,17.84615326
4/9/2010,17.80769157
4/12/2010,17.99038506
4/13/2010,18.22115326
4/14/2010,18.6057682
4/15/2010,18.75
4/16/2010,18.24038506
4/19/2010,18.21153831
4/20/2010,18.2692318
4/21/2010,18.29807663
4/22/2010,18.22115326
4/23/2010,18.33653831
4/26/2010,18.55769157
4/27/2010,17.9807682
4/28/2010,18.22115326
4/29/2010,18.74038506
4/30/2010,18.13461494
5/3/2010,18.5192318
5/4/2010,17.86538506
5/5/2010,17.40384674
5/6/2010,16.6442318
5/7/2010,16.2307682
5/10/2010,17.34615326
5/11/2010,17.30769157
5/12/2010,17.7307682
5/13/2010,17.3557682
5/14/2010,16.96153831
5/17/2010,16.88461494
5/18/2010,16.56730843
5/19/2010,16.59615326
5/20/2010,15.63461494
5/21/2010,15.78846169
5/24/2010,15.39423084
5/25/2010,15.33653831
5/26/2010,15.39423084
5/27/2010,16.0192318
5/28/2010,15.72115421
6/1/2010,15.36538506
6/2/2010,15.72115421
6/3/2010,15.81730843
6/4/2010,15.10576916
6/7/2010,14.81730843
6/8/2010,14.88461494
6/9/2010,14.73076916
6/10/2010,15.07692337
6/11/2010,14.96153831
6/14/2010,14.79807663
6/15/2010,15.18269157
6/16/2010,15.24038506
6/17/2010,15.29807663
6/18/2010,15.33653831
6/21/2010,15.48076916
6/22/2010,15.18269157
6/23/2010,14.79807663
6/24/2010,14.5
6/25/2010,14.33653831
6/28/2010,14.42307663
6/29/2010,13.92307663
6/30/2010,13.86538506
7/1/2010,13.57692337
7/2/2010,13.34615421
7/6/2010,13.43269157
7/7/2010,14.05769157
7/8/2010,14.25961494
7/9/2010,14.375
7/12/2010,14.35576916
7/13/2010,14.625
7/14/2010,14.61538506
7/15/2010,14.66346169
7/16/2010,13.99038506
7/19/2010,14.05769157
7/20/2010,14.36538506
7/21/2010,14.26923084
7/22/2010,14.625
7/23/2010,15.10576916
7/26/2010,15.51923084
7/27/2010,15.55769157
7/28/2010,15.43269157
7/29/2010,15.52884579
7/30/2010,15.5
8/2/2010,15.77884579
8/3/2010,15.76923084
8/4/2010,15.84615421
8/5/2010,15.88461494
8/6/2010,15.81730843
8/9/2010,15.75
8/10/2010,15.625
8/11/2010,15.09615421
8/12/2010,14.90384579
8/13/2010,14.78846169
8/16/2010,14.86538506
8/17/2010,14.98076916
8/18/2010,15.09615421
8/19/2010,14.66346169
8/20/2010,14.45192337
8/23/2010,14.31730843
8/24/2010,14.00961494
8/25/2010,14.00961494
8/26/2010,13.94230843
8/27/2010,14.14423084
8/30/2010,13.96153831
8/31/2010,13.92307663
9/1/2010,14.43269157
9/2/2010,14.56730843
9/3/2010,14.79807663
9/7/2010,14.84615421
9/8/2010,15.09615421
9/9/2010,15.29807663
9/10/2010,15.36538506
9/13/2010,15.625
9/14/2010,15.53846169
9/15/2010,15.71153831
9/16/2010,15.60576916
9/17/2010,15.66346169
9/20/2010,15.91346169
9/21/2010,15.88461494
9/22/2010,15.86538506
9/23/2010,15.51923084
9/24/2010,16.0192318
9/27/2010,15.79807663
9/28/2010,15.80769157
9/29/2010,15.73076916
9/30/2010,15.625
10/1/2010,15.73076916
10/4/2010,15.48076916
10/5/2010,15.875
10/6/2010,16.25
10/7/2010,16.3942318
10/8/2010,16.46153831
10/11/2010,16.30769157
10/12/2010,16.52884674
10/13/2010,16.61538506
10/14/2010,16.5
10/15/2010,15.67307663
10/18/2010,15.625
10/19/2010,15.45192337
10/20/2010,15.43269157
10/21/2010,15.48076916
10/22/2010,15.44230843
10/25/2010,15.44230843
10/26/2010,15.53846169
10/27/2010,15.49038506
10/28/2010,15.46153831
10/29/2010,15.40384579
11/1/2010,15.33653831
11/2/2010,15.32692337
11/3/2010,15.44230843
11/4/2010,15.875
11/5/2010,16.08653831
11/8/2010,16.06730843
11/9/2010,15.98076916
11/10/2010,15.91346169
11/11/2010,15.72115421
11/12/2010,15.625
11/15/2010,15.57692337
11/16/2010,15.25
11/17/2010,15.20192337
11/18/2010,15.42307663
11/19/2010,15.59615421
11/22/2010,15.41346169
11/23/2010,15.15384579
11/24/2010,15.32692337
11/26/2010,15.19230843
11/29/2010,15.35576916
11/30/2010,15.22115421
12/1/2010,15.67307663
12/2/2010,16.03846169
12/3/2010,16.13461494
12/6/2010,16.05769157
12/7/2010,16.375
12/8/2010,16.38461494
12/9/2010,16.47115326
12/10/2010,17.03846169
12/13/2010,16.94230843
12/14/2010,17.00961494
12/15/2010,16.81730843
12/16/2010,17.08653831
12/17/2010,17.0192318
12/20/2010,17.0192318
12/21/2010,17.21153831
12/22/2010,17.36538506
12/23/2010,17.34615326
12/27/2010,17.49038506
12/28/2010,17.61538506
12/29/2010,17.56730843
12/30/2010,17.49038506
12/31/2010,17.58653831
1/3/2011,17.57692337
1/4/2011,17.8942318
1/5/2011,17.92307663
1/6/2011,17.84615326
1/7/2011,17.72115326
1/10/2011,17.79807663
1/11/2011,17.91346169
1/12/2011,17.95192337
1/13/2011,17.88461494
1/14/2011,18.09615326
1/18/2011,17.88461494
1/19/2011,17.625
1/20/2011,17.72115326
1/21/2011,18.9807682
1/24/2011,19.2692318
1/25/2011,19.21153831
1/26/2011,19.15384674
1/27/2011,19.5
1/28/2011,19.42307663
1/31/2011,19.36538506
2/1/2011,20
2/2/2011,19.91346169
2/3/2011,19.95192337
2/4/2011,19.7692318
2/7/2011,20.06730843
2/8/2011,20.46153831
2/9/2011,20.49038506
2/10/2011,20.45192337
2/11/2011,20.50961494
2/14/2011,20.67307663
2/15/2011,20.63461494
2/16/2011,20.61538506
2/17/2011,20.69230843
2/18/2011,20.61538506
2/22/2011,20.0192318
2/23/2011,19.58653831
2/24/2011,19.78846169
2/25/2011,20.0192318
2/28/2011,20.11538506
3/1/2011,19.47115326
3/2/2011,19.53846169
3/3/2011,19.95192337
3/4/2011,19.58653831
3/7/2011,19.59615326
3/8/2011,19.83653831
3/9/2011,19.83653831
3/10/2011,19.32692337
3/11/2011,19.57692337
3/14/2011,19.15384674
3/15/2011,18.8557682
3/16/2011,18.22115326
3/17/2011,18.4807682
3/18/2011,18.50961494
3/21/2011,18.96153831
3/22/2011,18.74038506
3/23/2011,18.77884674
3/24/2011,19.0192318
3/25/2011,18.99038506
3/28/2011,18.99038506
3/29/2011,19.09615326
3/30/2011,19.33653831
3/31/2011,19.27884674
4/1/2011,19.55769157
4/4/2011,19.74038506
4/5/2011,19.54807663
4/6/2011,19.75961494
4/7/2011,19.56730843
4/8/2011,19.41346169
4/11/2011,19.40384674
4/12/2011,19.24038506
4/13/2011,19.17307663
4/14/2011,19.2307682
4/15/2011,19.2692318
4/18/2011,19.21153831
4/19/2011,19.49038506
4/20/2011,19.61538506
4/21/2011,19.18269157
4/25/2011,19.125
4/26/2011,19.32692337
4/27/2011,19.8557682
4/28/2011,19.80769157
4/29/2011,19.66346169
5/2/2011,19.69230843
5/3/2011,19.84615326
5/4/2011,19.49038506
5/5/2011,19.13461494
5/6/2011,19.24038506
5/9/2011,19.29807663
5/10/2011,19.5192318
5/11/2011,19.31730843
5/12/2011,19.36538506
5/13/2011,19.125
5/16/2011,19
5/17/2011,18.83653831
5/18/2011,19
5/19/2011,19.19230843
5/20/2011,18.86538506
5/23/2011,18.6442318
5/24/2011,18.36538506
5/25/2011,18.4807682
5/26/2011,18.67307663
5/27/2011,18.69230843
5/31/2011,18.88461494
6/1/2011,18.3942318
6/2/2011,18.3557682
6/3/2011,18.09615326
6/6/2011,17.75
6/7/2011,17.7692318
6/8/2011,17.79807663
6/9/2011,17.86538506
6/10/2011,17.61538506
6/13/2011,17.68269157
6/14/2011,17.88461494
6/15/2011,17.68269157
6/16/2011,17.7307682
6/17/2011,17.77884674
6/20/2011,17.7692318
6/21/2011,18.08653831
6/22/2011,17.84615326
6/23/2011,17.67307663
6/24/2011,17.27884674
6/27/2011,17.57692337
6/28/2011,17.7307682
6/29/2011,17.84615326
6/30/2011,18.13461494
7/1/2011,18.46153831
7/5/2011,18.30769157
7/6/2011,18.31730843
7/7/2011,18.55769157
7/8/2011,18.25961494
7/11/2011,17.91346169
7/12/2011,17.67307663
7/13/2011,17.79807663
7/14/2011,17.81730843
7/15/2011,17.70192337
7/18/2011,17.58653831
7/19/2011,17.86538506
7/20/2011,18.06730843
7/21/2011,18.42307663
7/22/2011,18.30769157
7/25/2011,18.2307682
7/26/2011,17.84615326
7/27/2011,17.41346169
7/28/2011,17.41346169
7/29/2011,17.22115326
8/1/2011,17.27884674
8/2/2011,16.54807663
8/3/2011,16.79807663
8/4/2011,15.83653831
8/5/2011,15.875
8/8/2011,14.83653831
8/9/2011,15.34615421
8/10/2011,14.50961494
8/11/2011,15.07692337
8/12/2011,15.26923084
8/15/2011,15.75961494
8/16/2011,15.52884579
8/17/2011,15.60576916
8/18/2011,14.75
8/19/2011,14.50961494
8/22/2011,14.52884579
8/23/2011,14.94230843
8/24/2011,15.11538506
8/25/2011,14.85576916
8/26/2011,14.94230843
8/29/2011,15.42307663
8/30/2011,15.5
8/31/2011,15.68269157
9/1/2011,15.57692337
9/2/2011,15.15384579
9/6/2011,14.66346169
9/7/2011,15.19230843
9/8/2011,14.99038506
9/9/2011,14.50961494
9/12/2011,14.43269157
9/13/2011,14.81730843
9/14/2011,15.18269157
9/15/2011,15.46153831
9/16/2011,15.70192337
9/19/2011,15.55769157
9/20/2011,15.42307663
9/21/2011,14.78846169
9/22/2011,14.46153831
9/23/2011,14.625
9/26/2011,14.97115421
9/27/2011,15.15384579
9/28/2011,14.85576916
9/29/2011,15.25
9/30/2011,14.63461494
10/3/2011,14.125
10/4/2011,14.28846169
10/5/2011,14.68269157
10/6/2011,14.93269157
10/7/2011,14.90384579
10/10/2011,15.51923084
10/11/2011,15.51923084
10/12/2011,15.76923084
10/13/2011,15.59615421
10/14/2011,15.96153831
10/17/2011,15.60576916
10/18/2011,16.06730843
10/19/2011,15.88461494
10/20/2011,15.99038506
10/21/2011,15.68269157
10/24/2011,15.81730843
10/25/2011,15.59615421
10/26/2011,15.72115421
10/27/2011,16.70192337
10/28/2011,16.58653831
10/31/2011,16.06730843
11/1/2011,15.40384579
11/2/2011,15.625
11/3/2011,16.02884674
11/4/2011,15.75961494
11/7/2011,15.75961494
11/8/2011,15.84615421
11/9/2011,15.24038506
11/10/2011,15.44230843
11/11/2011,15.67307663
11/14/2011,15.48076916
11/15/2011,15.57692337
11/16/2011,15.33653831
11/17/2011,15.03846169
11/18/2011,15.04807663
11/21/2011,14.65384579
11/22/2011,14.41346169
11/23/2011,14.16346169
11/25/2011,14.13461494
11/28/2011,14.23076916
11/29/2011,14.34615421
11/30/2011,15.29807663
12/1/2011,15.29807663
12/2/2011,15.47115421
12/5/2011,15.70192337
12/6/2011,16.07692337
12/7/2011,16.09615326
12/8/2011,15.68269157
12/9/2011,16.19230843
12/12/2011,15.82692337
12/13/2011,15.78846169
12/14/2011,15.97115421
12/15/2011,16.1442318
12/16/2011,16.3557682
12/19/2011,16.21153831
12/20/2011,16.61538506
12/21/2011,17.00961494
12/22/2011,17.3557682
12/23/2011,17.52884674
12/27/2011,17.31730843
12/28/2011,17.1442318
12/29/2011,17.375
12/30/2011,17.22115326
1/3/2012,17.65384674
1/4/2012,17.84615326
1/5/2012,17.83653831
1/6/2012,17.93269157
1/9/2012,18.13461494
1/10/2012,18
1/11/2012,18.15384674
1/12/2012,18.20192337
1/13/2012,18.11538506
1/17/2012,18.0192318
1/18/2012,18.28846169
1/19/2012,18.41346169
1/20/2012,18.41346169
1/23/2012,18.21153831
1/24/2012,18.11538506
1/25/2012,18.3942318
1/26/2012,18.33653831
1/27/2012,18.29807663
1/30/2012,18.17307663
1/31/2012,17.99038506
2/1/2012,18.04807663
2/2/2012,18.02884674
2/3/2012,18.28846169
2/6/2012,18.31730843
2/7/2012,18.44230843
2/8/2012,18.5
2/9/2012,18.3942318
2/10/2012,18.15384674
2/13/2012,18.33653831
2/14/2012,18.21153831
2/15/2012,18.03846169
2/16/2012,18.27884674
2/17/2012,18.53846169
2/21/2012,18.66346169
2/22/2012,18.6442318
2/23/2012,18.56730843
2/24/2012,18.5
2/27/2012,18.33653831
2/28/2012,18.42307663
2/29/2012,18.31730843
3/1/2012,18.38461494
3/2/2012,18.24038506
3/5/2012,18.125
3/6/2012,17.71153831
3/7/2012,18.04807663
3/8/2012,18.29807663
3/9/2012,18.30769157
3/12/2012,18.3942318
3/13/2012,18.83653831
3/14/2012,19.02884674
3/15/2012,19.38461494
3/16/2012,19.42307663
3/19/2012,19.43269157
3/20/2012,19.29807663
3/21/2012,19.29807663
3/22/2012,19.08653831
3/23/2012,19.0192318
3/26/2012,19.27884674
3/27/2012,19.2692318
3/28/2012,19.24038506
3/29/2012,19.18269157
3/30/2012,19.29807663
4/2/2012,19.25
4/3/2012,19.19230843
4/4/2012,18.9807682
4/5/2012,18.74038506
4/9/2012,18.46153831
4/10/2012,18.0192318
4/11/2012,18.27884674
4/12/2012,18.55769157
4/13/2012,18.15384674
4/16/2012,18.17307663
4/17/2012,18.59615326
4/18/2012,18.36538506
4/19/2012,18.40384674
4/20/2012,18.61538506
4/23/2012,18.33653831
4/24/2012,18.78846169
4/25/2012,18.70192337
4/26/2012,18.86538506
4/27/2012,19.0192318
4/30/2012,18.82692337
5/1/2012,19.03846169
5/2/2012,19.00961494
5/3/2012,18.8557682
5/4/2012,18.59615326
5/7/2012,18.57692337
5/8/2012,18.50961494
5/9/2012,18.18269157
5/10/2012,18.3557682
5/11/2012,18.27884674
5/14/2012,17.88461494
5/15/2012,17.69230843
5/16/2012,18.2692318
5/17/2012,18.15384674
5/18/2012,18.22115326
5/21/2012,18.38461494
5/22/2012,18.44230843
5/23/2012,18.44230843
5/24/2012,18.50961494
5/25/2012,18.46153831
5/29/2012,18.6057682
5/30/2012,18.30769157
5/31/2012,18.3557682
6/1/2012,17.82692337
6/4/2012,17.45192337
6/5/2012,17.53846169
6/6/2012,18.15384674
6/7/2012,18.2692318
6/8/2012,18.46153831
6/11/2012,18.375
6/12/2012,18.7307682
6/13/2012,18.625
6/14/2012,18.96153831
6/15/2012,19.2307682
6/18/2012,18.99038506
6/19/2012,19.2307682
6/20/2012,19.32692337
6/21/2012,18.77884674
6/22/2012,19.04807663
6/25/2012,18.7692318
6/26/2012,19.03846169
6/27/2012,19.3557682
6/28/2012,19.42307663
6/29/2012,20.03846169
7/2/2012,19.70192337
7/3/2012,19.6442318
7/5/2012,19.54807663
7/6/2012,19.2307682
7/9/2012,19.2692318
7/10/2012,18.86538506
7/11/2012,18.92307663
7/12/2012,18.69230843
7/13/2012,19.00961494
7/16/2012,18.83653831
7/17/2012,18.96153831
7/18/2012,19.07692337
7/19/2012,19.03846169
7/20/2012,19.1057682
7/23/2012,19.31730843
7/24/2012,19.20192337
7/25/2012,19.2307682
7/26/2012,19.7692318
7/27/2012,20.11538506
7/30/2012,20
7/31/2012,19.95192337
8/1/2012,19.93269157
8/2/2012,19.7307682
8/3/2012,20.15384674
8/6/2012,20.16346169
8/7/2012,20.30769157
8/8/2012,20.20192337
8/9/2012,20.25
8/10/2012,20.28846169
8/13/2012,20.18269157
8/14/2012,20.13461494
8/15/2012,20.15384674
8/16/2012,20.24038506
8/17/2012,20.19230843
8/20/2012,20.125
8/21/2012,20.04807663
8/22/2012,19.9807682
8/23/2012,19.84615326
8/24/2012,20
8/27/2012,20.04807663
8/28/2012,20.00961494
8/29/2012,20.0192318
8/30/2012,19.84615326
8/31/2012,19.91346169
9/4/2012,19.72115326
9/5/2012,19.8557682
9/6/2012,20.49038506
9/7/2012,20.75961494
9/10/2012,20.65384674
9/11/2012,20.75961494
9/12/2012,21.04807663
9/13/2012,21.17307663
9/14/2012,21.25961494
9/17/2012,21.20192337
9/18/2012,21.38461494
9/19/2012,21.56730843
9/20/2012,21.56730843
9/21/2012,21.66346169
9/24/2012,21.5
9/25/2012,21.45192337
9/26/2012,21.25
9/27/2012,21.8557682
9/28/2012,21.83653831
10/1/2012,21.93269157
10/2/2012,21.91346169
10/3/2012,22.02884674
10/4/2012,22.06730843
10/5/2012,22.2307682
10/8/2012,22.03846169
10/9/2012,21.75
10/10/2012,21.56730843
10/11/2012,21.6442318
10/12/2012,21.61538506
10/15/2012,21.7692318
10/16/2012,21.7692318
10/17/2012,22.02884674
10/18/2012,21.93269157
10/19/2012,21.18269157
10/22/2012,20.86538506
10/23/2012,20.46153831
10/24/2012,20.44230843
10/25/2012,20.44230843
10/26/2012,20.29807663
10/31/2012,20.25
11/1/2012,20.5192318
11/2/2012,20.49038506
11/5/2012,20.58653831
11/6/2012,20.75961494
11/7/2012,20.31730843
11/8/2012,20.08653831
11/9/2012,20.19230843
11/12/2012,20.08653831
11/13/2012,19.88461494
11/14/2012,19.24038506
11/15/2012,19.28846169
11/16/2012,19.375
11/19/2012,19.86538506
11/20/2012,19.82692337
11/21/2012,19.88461494
11/23/2012,20.2307682
11/26/2012,20.25
11/27/2012,20.06730843
11/28/2012,20.32692337
11/29/2012,20.31730843
11/30/2012,20.31730843
12/3/2012,20.0192318
12/4/2012,20.05769157
12/5/2012,20.41346169
12/6/2012,20.54807663
12/7/2012,20.63461494
12/10/2012,20.56730843
12/11/2012,20.68269157
12/12/2012,20.94230843
12/13/2012,20.78846169
12/14/2012,20.78846169
12/17/2012,21.08653831
12/18/2012,20.8557682
12/19/2012,20.20192337
12/20/2012,20.24038506
12/21/2012,20.07692337
12/24/2012,20.0192318
12/26/2012,19.97115326
12/27/2012,19.8942318
12/28/2012,19.65384674
12/31/2012,20.18269157
1/2/2013,20.5192318
1/3/2013,20.28846169
1/4/2013,20.38461494
1/7/2013,20.31730843
1/8/2013,20.09615326
1/9/2013,20.1442318
1/10/2013,20.3557682
1/11/2013,20.31730843
1/14/2013,20.30769157
1/15/2013,20.38461494
1/16/2013,20.30769157
1/17/2013,20.4807682
1/18/2013,21.19230843
1/22/2013,21.16346169
1/23/2013,21.09615326
1/24/2013,21.20192337
1/25/2013,21.43269157
1/28/2013,21.63461494
1/29/2013,21.63461494
1/30/2013,21.375
1/31/2013,21.42307663
2/1/2013,21.75
2/4/2013,21.45192337
2/5/2013,21.67307663
2/6/2013,21.57692337
2/7/2013,21.61538506
2/8/2013,21.63461494
2/11/2013,21.58653831
2/12/2013,21.71153831
2/13/2013,22.49038506
2/14/2013,22.50961494
2/15/2013,22.3942318
2/19/2013,22.83653831
2/20/2013,22.50961494
2/21/2013,22.36538506
2/22/2013,22.49038506
2/25/2013,21.93269157
2/26/2013,22.16346169
2/27/2013,22.47115326
2/28/2013,22.32692337
3/1/2013,22.29807663
3/4/2013,22.375
3/5/2013,22.68269157
3/6/2013,22.75961494
3/7/2013,22.7692318
3/8/2013,22.8557682
3/11/2013,22.71153831
3/12/2013,22.50961494
3/13/2013,22.58653831
3/14/2013,22.77884674
3/15/2013,22.53846169
3/18/2013,22.3557682
3/19/2013,22.42307663
3/20/2013,22.55769157
3/21/2013,22.3942318
3/22/2013,22.47115326
3/25/2013,22.34615326
3/26/2013,22.2307682
3/27/2013,22.21153831
3/28/2013,22.2307682
4/1/2013,22.19230843
4/2/2013,22.44230843
4/3/2013,22.11538506
4/4/2013,22.19230843
4/5/2013,22.04807663
4/8/2013,22.2307682
4/9/2013,22.17307663
4/10/2013,22.67307663
4/11/2013,22.68269157
4/12/2013,22.55769157
4/15/2013,21.93269157
4/16/2013,22.21153831
4/17/2013,21.88461494
4/18/2013,21.79807663
4/19/2013,20.91346169
4/22/2013,20.52884674
4/23/2013,20.67307663
4/24/2013,21.11538506
4/25/2013,21.1057682
4/26/2013,21.3557682
4/29/2013,21.41346169
4/30/2013,21.43269157
5/1/2013,21.29807663
5/2/2013,21.46153831
5/3/2013,21.70192337
5/6/2013,21.71153831
5/7/2013,21.80769157
5/8/2013,22.125
5/9/2013,21.90384674
5/10/2013,22.0192318
5/13/2013,21.97115326
5/14/2013,22.125
5/15/2013,22.34615326
5/16/2013,22.375
5/17/2013,22.55769157
5/20/2013,22.66346169
5/21/2013,22.75
5/22/2013,22.94230843
5/23/2013,22.75
5/24/2013,22.625
5/28/2013,22.69230843
5/29/2013,22.7307682
5/30/2013,22.69230843
5/31/2013,22.42307663
6/3/2013,22.7307682
6/4/2013,22.75
6/5/2013,22.42307663
6/6/2013,22.4807682
6/7/2013,22.94230843
6/10/2013,22.86538506
6/11/2013,22.67307663
6/12/2013,22.59615326
6/13/2013,22.7692318
6/14/2013,22.61538506
6/17/2013,22.8557682
6/18/2013,23.3942318
6/19/2013,23.05769157
6/20/2013,22.3557682
6/21/2013,22.46153831
6/24/2013,22.04807663
6/25/2013,22.22115326
6/26/2013,22.3557682
6/27/2013,22.42307663
6/28/2013,22.29807663
7/1/2013,22.44230843
7/2/2013,22.0192318
7/3/2013,22.02884674
7/5/2013,22.34615326
7/8/2013,22.42307663
7/9/2013,22.71153831
7/10/2013,22.63461494
7/11/2013,23.0192318
7/12/2013,22.84615326
7/15/2013,22.72115326
7/16/2013,22.52884674
7/17/2013,22.63461494
7/18/2013,22.72115326
7/19/2013,23.7692318
7/22/2013,23.90384674
7/23/2013,23.75961494
7/24/2013,23.67307663
7/25/2013,23.74038506
7/26/2013,23.70192337
7/29/2013,23.54807663
7/30/2013,23.53846169
7/31/2013,23.43269157
8/1/2013,23.67307663
8/2/2013,23.75
8/5/2013,23.57692337
8/6/2013,23.375
8/7/2013,23.40384674
8/8/2013,23.3942318
8/9/2013,23.31730843
8/12/2013,23.33653831
8/13/2013,23.2692318
8/14/2013,23.1442318
8/15/2013,23.07692337
8/16/2013,23.02884674
8/19/2013,22.93269157
8/20/2013,22.80769157
8/21/2013,22.70192337
8/22/2013,22.86538506
8/23/2013,22.86538506
8/26/2013,22.70192337
8/27/2013,22.28846169
8/28/2013,22.30769157
8/29/2013,22.22115326
8/30/2013,22.25
9/3/2013,22.17307663
9/4/2013,22.27884674
9/5/2013,22.2692318
9/6/2013,22.2692318
9/9/2013,22.49038506
9/10/2013,22.95192337
9/11/2013,23.16346169
9/12/2013,22.93269157
9/13/2013,22.86538506
9/16/2013,23.21153831
9/17/2013,23.50961494
9/18/2013,23.90384674
9/19/2013,23.5192318
9/20/2013,23.08653831
9/23/2013,23.34615326
9/24/2013,23.38461494
9/25/2013,23.29807663
9/26/2013,23.31730843
9/27/2013,23.125
9/30/2013,22.97115326
10/1/2013,23.24038506
10/2/2013,23.3942318
10/3/2013,23.17307663
10/4/2013,23.125
10/7/2013,23.0192318
10/8/2013,22.75961494
10/9/2013,22.66346169
10/10/2013,23.31730843
10/11/2013,23.46153831
10/14/2013,23.44230843
10/15/2013,23.25961494
10/16/2013,23.42307663
10/17/2013,23.7307682
10/18/2013,24.56730843
10/21/2013,25.13461494
10/22/2013,25.0192318
10/23/2013,24.71153831
10/24/2013,24.94230843
10/25/2013,24.88461494
10/28/2013,25.08653831
10/29/2013,25.20192337
10/30/2013,25.3557682
10/31/2013,25.13461494
11/1/2013,25.5192318
11/4/2013,25.41346169
11/5/2013,25.40384674
11/6/2013,25.86538506
11/7/2013,25.57692337
11/8/2013,26.00961494
11/11/2013,25.97115326
11/12/2013,26.00961494
11/13/2013,26.1057682
11/14/2013,25.95192337
11/15/2013,26.15384674
11/18/2013,26.17307663
11/19/2013,25.99038506
11/20/2013,25.92307663
11/21/2013,25.875
11/22/2013,26.03846169
11/25/2013,25.70192337
11/26/2013,25.75
11/27/2013,25.79807663
11/29/2013,25.63461494
12/2/2013,25.63461494
12/3/2013,25.53846169
12/4/2013,25.61538506
12/5/2013,25.43269157
12/6/2013,25.90384674
12/9/2013,26.1442318
12/10/2013,26.09615326
12/11/2013,25.55769157
12/12/2013,25.5192318
12/13/2013,25.80769157
12/16/2013,25.94230843
12/17/2013,25.99038506
12/18/2013,26.3557682
12/19/2013,26.2692318
12/20/2013,26.30769157
12/23/2013,26.34615326
12/24/2013,26.54807663
12/26/2013,26.75961494
12/27/2013,26.75961494
12/30/2013,26.81730843
12/31/2013,26.95192337
1/2/2014,26.44230843
1/3/2014,26.42307663
1/6/2014,26.21153831
1/7/2014,26.24038506
1/8/2014,26.16346169
1/9/2014,26.17307663
1/10/2014,25.92307663
1/13/2014,25.70192337
1/14/2014,25.93269157
1/15/2014,26.28846169
1/16/2014,26.15384674
1/17/2014,25.55769157
1/21/2014,25.27884674
1/22/2014,24.99038506
1/23/2014,24.82692337
1/24/2014,23.99038506
1/27/2014,24.1057682
1/28/2014,24.4807682
1/29/2014,24.31730843
1/30/2014,24.5192318
1/31/2014,24.16346169
2/3/2014,23.41346169
2/4/2014,23.625
2/5/2014,23.57692337
2/6/2014,23.99038506
2/7/2014,24.22115326
2/10/2014,24.08653831
2/11/2014,24.45192337
2/12/2014,24.41346169
2/13/2014,24.46153831
2/14/2014,24.75
2/18/2014,24.66346169
2/19/2014,24.42307663
2/20/2014,24.15384674
2/21/2014,23.9807682
2/24/2014,24.31730843
2/25/2014,24.29807663
2/26/2014,24.32692337
2/27/2014,24.5192318
2/28/2014,24.49038506
3/3/2014,24.15384674
3/4/2014,24.66346169
3/5/2014,24.93269157
3/6/2014,25.21153831
3/7/2014,25.125
3/10/2014,25.03846169
3/11/2014,24.90384674
3/12/2014,24.7692318
3/13/2014,24.36538506
3/14/2014,24.1442318
3/17/2014,24.45192337
3/18/2014,24.66346169
3/19/2014,24.30769157
3/20/2014,24.29807663
3/21/2014,24.42307663
3/24/2014,24.43269157
3/25/2014,24.71153831
3/26/2014,24.63461494
3/27/2014,24.81730843
3/28/2014,24.88461494
3/31/2014,24.8942318
4/1/2014,24.875
4/2/2014,25.03846169
4/3/2014,25.22115326
4/4/2014,25.0192318
4/7/2014,24.8557682
4/8/2014,24.75961494
4/9/2014,24.95192337
4/10/2014,24.59615326
4/11/2014,24.45192337
4/14/2014,24.72115326
4/15/2014,24.82692337
4/16/2014,25.11538506
4/17/2014,25.53846169
4/21/2014,25.56730843
4/22/2014,25.55769157
4/23/2014,25.40384674
4/24/2014,25.44230843
4/25/2014,25.57692337
4/28/2014,25.75
4/29/2014,25.7307682
4/30/2014,25.8557682
5/1/2014,25.74038506
5/2/2014,25.65384674
5/5/2014,25.55769157
5/6/2014,25.18269157
5/7/2014,25.50961494
5/8/2014,25.42307663
5/9/2014,25.40384674
5/12/2014,25.81730843
5/13/2014,25.88461494
5/14/2014,25.7307682
5/15/2014,25.57692337
5/16/2014,25.6442318
5/19/2014,25.58653831
5/20/2014,25.28846169
5/21/2014,25.47115326
5/22/2014,25.49038506
5/23/2014,25.49038506
5/27/2014,25.54807663
5/28/2014,25.63461494
5/29/2014,25.71153831
5/30/2014,25.75961494
6/2/2014,25.79807663
6/3/2014,25.75961494
6/4/2014,25.52884674
6/5/2014,25.74038506
6/6/2014,26.13461494
6/9/2014,26.38461494
6/10/2014,26.3557682
6/11/2014,26.1057682
6/12/2014,25.92307663
6/13/2014,26
6/16/2014,25.78846169
6/17/2014,25.83653831
6/18/2014,25.8557682
6/19/2014,25.8942318
6/20/2014,25.93269157
6/23/2014,25.65384674
6/24/2014,25.55769157
6/25/2014,25.40384674
6/26/2014,25.27884674
6/27/2014,25.41346169
6/30/2014,25.2692318
7/1/2014,25.38461494
7/2/2014,25.58653831
7/3/2014,25.82692337
7/7/2014,25.72115326
7/8/2014,25.3557682
7/9/2014,25.30769157
7/10/2014,25.19230843
7/11/2014,25.52884674
7/14/2014,25.63461494
7/15/2014,25.58653831
7/16/2014,25.9807682
7/17/2014,25.58653831
7/18/2014,25.44230843
7/21/2014,24.9807682
7/22/2014,25.0192318
7/23/2014,24.91346169
7/24/2014,24.94230843
7/25/2014,24.79807663
7/28/2014,24.6057682
7/29/2014,24.47115326
7/30/2014,24.65384674
7/31/2014,24.18269157
8/1/2014,24.375
8/4/2014,24.29807663
8/5/2014,24.05769157
8/6/2014,24.46153831
8/7/2014,24.5192318
8/8/2014,24.67307663
8/11/2014,24.79807663
8/12/2014,24.625
8/13/2014,24.83653831
8/14/2014,24.88461494
8/15/2014,24.65384674
8/18/2014,25.06730843
8/19/2014,25.04807663
8/20/2014,25.34615326
8/21/2014,25.41346169
8/22/2014,25.1442318
8/25/2014,25.19230843
8/26/2014,25.00961494
8/27/2014,25.125
8/28/2014,25.00961494
8/29/2014,24.9807682
9/2/2014,24.8557682
9/3/2014,24.95192337
9/4/2014,24.96153831
9/5/2014,25.09615326
9/8/2014,25.07692337
9/9/2014,24.90384674
9/10/2014,24.95192337
9/11/2014,25.0192318
9/12/2014,24.875
9/15/2014,24.92307663
9/16/2014,25.20192337
9/17/2014,25.25961494
9/18/2014,25.20192337
9/19/2014,25.27884674
9/22/2014,25.07692337
9/23/2014,25.0192318
9/24/2014,24.93269157
9/25/2014,24.56730843
9/26/2014,24.6442318
9/29/2014,24.44230843
9/30/2014,24.63461494
10/1/2014,24.19230843
10/2/2014,24.15384674
10/3/2014,24.42307663
10/6/2014,24.25
10/7/2014,23.8557682
10/8/2014,24.27884674
10/9/2014,23.82692337
10/10/2014,23.33653831
10/13/2014,23.02884674
10/14/2014,23.17307663
10/15/2014,23.34615326
10/16/2014,23.31730843
10/17/2014,23.86538506
10/20/2014,24.06730843
10/21/2014,24.47115326
10/22/2014,24.22115326
10/23/2014,24.46153831
10/24/2014,24.65384674
10/27/2014,24.53846169
10/28/2014,24.88461494
10/29/2014,24.67307663
10/30/2014,24.68269157
10/31/2014,24.81730843
11/3/2014,24.71153831
11/4/2014,24.71153831
11/5/2014,24.82692337
11/6/2014,25.34615326
11/7/2014,25.3942318
11/10/2014,25.45192337
11/11/2014,25.36538506
11/12/2014,25.5
11/13/2014,25.40384674
11/14/2014,25.44230843
11/17/2014,25.58653831
11/18/2014,25.97115326
11/19/2014,25.88461494
11/20/2014,25.81730843
11/21/2014,25.95192337
11/24/2014,25.96153831
11/25/2014,25.82692337
11/26/2014,25.83653831
11/28/2014,25.47115326
12/1/2014,25.0192318
12/2/2014,25.04807663
12/3/2014,25.36538506
12/4/2014,25.08653831
12/5/2014,25.00961494
12/8/2014,24.70192337
12/9/2014,24.59615326
12/10/2014,24.29807663
12/11/2014,24.43269157
12/12/2014,23.93269157
12/15/2014,23.6442318
12/16/2014,23.54807663
12/17/2014,23.71153831
12/18/2014,24.17307663
12/19/2014,24.63461494
12/22/2014,24.72115326
12/23/2014,24.88461494
12/24/2014,24.83653831
12/26/2014,24.78846169
12/29/2014,24.71153831
12/30/2014,24.58653831
12/31/2014,24.29807663
1/2/2015,24.09615326
1/5/2015,23.65384674
1/6/2015,23.1442318
1/7/2015,23.15384674
1/8/2015,23.43269157
1/9/2015,23.1057682
1/12/2015,23.05769157
1/13/2015,22.94230843
1/14/2015,22.86538506
1/15/2015,22.67307663
1/16/2015,22.68269157
1/20/2015,22.93269157
1/21/2015,23.11538506
1/22/2015,23.34615326
1/23/2015,23.53846169
1/26/2015,23.6442318
1/27/2015,23.44230843
1/28/2015,22.92307663
1/29/2015,23.15384674
1/30/2015,22.97115326
2/2/2015,23.27884674
2/3/2015,23.52884674
2/4/2015,23.2307682
2/5/2015,23.55769157
2/6/2015,23.57692337
2/9/2015,23.69230843
2/10/2015,23.7692318
2/11/2015,23.81730843
2/12/2015,23.93269157
2/13/2015,24.18269157
2/17/2015,24.20192337
2/18/2015,24.27884674
2/19/2015,24.04807663
2/20/2015,24.24038506
2/23/2015,24.20192337
2/24/2015,24.41346169
2/25/2015,24.91346169
2/26/2015,24.8942318
2/27/2015,24.99038506
3/2/2015,25.1057682
3/3/2015,24.86538506
3/4/2015,24.67307663
3/5/2015,24.82692337
3/6/2015,24.44230843
3/9/2015,24.65384674
3/10/2015,24.20192337
3/11/2015,24.22115326
3/12/2015,24.42307663
3/13/2015,24.07692337
3/16/2015,24.47115326
3/17/2015,24.33653831
3/18/2015,24.65384674
3/19/2015,24.3557682
3/20/2015,24.42307663
3/23/2015,24.49038506
3/24/2015,24.29807663
3/25/2015,23.95192337
3/26/2015,23.84615326
3/27/2015,23.90384674
3/30/2015,24.15384674
3/31/2015,23.8557682
4/1/2015,23.88461494
4/2/2015,23.9807682
4/6/2015,24.21153831
4/7/2015,24.05769157
4/8/2015,24.04807663
4/9/2015,24.74038506
4/10/2015,27.41346169
4/13/2015,26.56730843
4/14/2015,26.66346169
4/15/2015,26.40384674
4/16/2015,26.2307682
4/17/2015,26.20192337
4/20/2015,25.9807682
4/21/2015,25.59615326
4/22/2015,25.875
4/23/2015,25.81730843
4/24/2015,25.7692318
4/27/2015,25.84615326
4/28/2015,26.07692337
4/29/2015,26.04807663
4/30/2015,26.03846169
5/1/2015,26.25961494
5/4/2015,26.22115326
5/5/2015,25.88461494
5/6/2015,25.77884674
5/7/2015,26
5/8/2015,26.30769157
5/11/2015,25.88461494
5/12/2015,25.99038506
5/13/2015,26.16346169
5/14/2015,26.3557682
5/15/2015,26.22115326
5/18/2015,26.25961494
5/19/2015,26.29807663
5/20/2015,26.57692337
5/21/2015,26.65384674
5/22/2015,26.61538506
5/26/2015,26.46153831
5/27/2015,26.46153831
5/28/2015,26.56730843
5/29/2015,26.22115326
6/1/2015,26.2307682
6/2/2015,26.27884674
6/3/2015,26.47115326
6/4/2015,26.21153831
6/5/2015,26.24038506
6/8/2015,26.19230843
6/9/2015,26.27884674
6/10/2015,26.56730843
6/11/2015,26.45192337
6/12/2015,26.33653831
6/15/2015,26.16346169
6/16/2015,26.17307663
6/17/2015,26.22115326
6/18/2015,26.31730843
6/19/2015,26.19230843
6/22/2015,26.36538506
6/23/2015,26.49038506
6/24/2015,26.21153831
6/25/2015,26
6/26/2015,26.04807663
6/29/2015,25.61538506
6/30/2015,25.54807663
7/1/2015,25.63461494
7/2/2015,25.75
7/6/2015,25.29807663
7/7/2015,25.45192337
7/8/2015,24.8942318
7/9/2015,25.0192318
7/10/2015,25.25961494
7/13/2015,25.45192337
7/14/2015,25.63461494
7/15/2015,25.74038506
7/16/2015,26
7/17/2015,26.19230843
7/20/2015,26.09615326
7/21/2015,25.81730843
7/22/2015,25.6057682
7/23/2015,25.25
7/24/2015,24.75961494
7/27/2015,24.95192337
7/28/2015,25.09615326
7/29/2015,25.25
7/30/2015,25.11538506
7/31/2015,25.09615326
8/3/2015,24.875
8/4/2015,24.90384674
8/5/2015,25.09615326
8/6/2015,25.02884674
8/7/2015,24.79807663
8/10/2015,25.2307682
8/11/2015,24.72115326
8/12/2015,24.86538506
8/13/2015,24.79807663
8/14/2015,25.07692337
8/17/2015,25.20192337
8/18/2015,25.06730843
8/19/2015,24.74038506
8/20/2015,24.22115326
8/21/2015,23.6442318
8/24/2015,22.95192337
8/25/2015,22.375
8/26/2015,23.08653831
8/27/2015,24.04807663
8/28/2015,24.19230843
8/31/2015,23.86538506
9/1/2015,22.96153831
9/2/2015,23.625
9/3/2015,23.56730843
9/4/2015,23.07692337
9/8/2015,24
9/9/2015,23.6057682
9/10/2015,23.7307682
9/11/2015,23.99038506
9/14/2015,23.81730843
9/15/2015,24.32692337
9/16/2015,24.93269157
9/17/2015,24.375
9/18/2015,23.84615326
9/21/2015,24.125
9/22/2015,24.1442318
9/23/2015,24.17307663
9/24/2015,23.95192337
9/25/2015,23.96153831
9/28/2015,23.375
9/29/2015,23.625
9/30/2015,24.25
10/1/2015,24.22115326
10/2/2015,24.49038506
10/5/2015,25.78846169
10/6/2015,26.24038506
10/7/2015,26.70192337
10/8/2015,26.95192337
10/9/2015,26.99038506
10/12/2015,27.00961494
10/13/2015,26.79807663
10/14/2015,26.53846169
10/15/2015,26.95192337
10/16/2015,27.86538506
10/19/2015,27.875
10/20/2015,27.67307663
10/21/2015,27.74038506
10/22/2015,28.44230843
10/23/2015,28.375
10/26/2015,28.41346169
10/27/2015,28.32692337
10/28/2015,28.25961494
10/29/2015,28.21153831
10/30/2015,27.80769157
11/2/2015,28.2692318
11/3/2015,28.45192337
11/4/2015,28.40384674
11/5/2015,28.5
11/6/2015,28.7692318
11/9/2015,28.6057682
11/10/2015,28.96153831
11/11/2015,29.49038506
11/12/2015,29
11/13/2015,29.11538506
11/16/2015,29.19230843
11/17/2015,29.15384674
11/18/2015,29.34615326
11/19/2015,29.1057682
11/20/2015,29.4807682
11/23/2015,29.41346169
11/24/2015,29.4807682
11/25/2015,29.19230843
11/27/2015,29.19230843
11/30/2015,28.78846169
12/1/2015,29.00961494
12/2/2015,28.81730843
12/3/2015,28.875
12/4/2015,29.31730843
12/7/2015,29.20192337
12/8/2015,29.02884674
12/9/2015,29.29807663
12/10/2015,29.47115326
12/11/2015,29.09615326
12/14/2015,29.09615326
12/15/2015,29.15384674
12/16/2015,29.78846169
12/17/2015,29.375
12/18/2015,29.11538506
12/21/2015,29.2307682
12/22/2015,29.31730843
12/23/2015,29.75961494
12/24/2015,29.6442318
12/28/2015,29.71153831
12/29/2015,30.07692337
12/30/2015,29.8557682
12/31/2015,29.95192337
1/4/2016,29.52884674
1/5/2016,29.55769157
1/6/2016,29.08653831
1/7/2016,27.8557682
1/8/2016,27.3557682
1/11/2016,27.4807682
1/12/2016,27.53846169
1/13/2016,27.15384674
1/14/2016,27.94230843
1/15/2016,27.3942318
1/19/2016,27.3942318
1/20/2016,26.92307663
1/21/2016,27.49038506
1/22/2016,27.15384674
1/25/2016,26.96153831
1/26/2016,27.22115326
1/27/2016,26.92307663
1/28/2016,27.125
1/29/2016,27.9807682
2/1/2016,27.53846169
2/2/2016,27.15384674
2/3/2016,27.56730843
2/4/2016,28.05769157
2/5/2016,27.44230843
2/8/2016,27.08653831
2/9/2016,27.19230843
2/10/2016,27.21153831
2/11/2016,26.3942318
2/12/2016,27.17307663
2/16/2016,27.75
2/17/2016,28.21153831
2/18/2016,27.96153831
2/19/2016,27.90384674
2/22/2016,28.27884674
2/23/2016,28.09615326
2/24/2016,27.84615326
2/25/2016,28.1057682
2/26/2016,28.2692318
2/29/2016,28.0192318
3/1/2016,28.7307682
3/2/2016,29.0192318
3/3/2016,29.05769157
3/4/2016,29.28846169
3/7/2016,29.125
3/8/2016,28.90384674
3/9/2016,28.8942318
3/10/2016,28.78846169
3/11/2016,29.17307663
3/14/2016,29.1057682
3/15/2016,29.11538506
3/16/2016,29.00961494
3/17/2016,29.7692318
3/18/2016,29.7307682
3/21/2016,29.8942318
3/22/2016,29.86538506
3/23/2016,29.875
3/24/2016,29.91346169
3/28/2016,30.27884674
3/29/2016,30.2692318
3/30/2016,30.6057682
3/31/2016,30.56730843
4/1/2016,30.70192337
4/4/2016,30.02884674
4/5/2016,29.78846169
4/6/2016,29.71153831
4/7/2016,29.45192337
4/8/2016,29.6057682
4/11/2016,29.52884674
4/12/2016,29.625
4/13/2016,29.78846169
4/14/2016,29.82692337
4/15/2016,29.83653831
4/18/2016,29.86538506
4/19/2016,29.95192337
4/20/2016,29.95192337
4/21/2016,29.78846169
4/22/2016,29.57692337
4/25/2016,29.5
4/26/2016,29.71153831
4/27/2016,29.74038506
4/28/2016,29.71153831
4/29/2016,29.56730843
5/2/2016,29.70192337
5/3/2016,29.45192337
5/4/2016,28.91346169
5/5/2016,28.74038506
5/6/2016,28.96153831
5/9/2016,28.72115326
5/10/2016,29.30769157
5/11/2016,29.17307663
5/12/2016,28.93269157
5/13/2016,28.5
5/16/2016,28.80769157
5/17/2016,28.56730843
5/18/2016,28.47115326
5/19/2016,28.2307682
5/20/2016,28.42307663
5/23/2016,28.3557682
5/24/2016,28.70192337
5/25/2016,28.93269157
5/26/2016,28.86538506
5/27/2016,28.96153831
5/31/2016,29.06730843
6/1/2016,28.95192337
6/2/2016,28.8942318
6/3/2016,28.78846169
6/6/2016,28.96153831
6/7/2016,28.9807682
6/8/2016,29.1442318
6/9/2016,29.07692337
6/10/2016,28.88461494
6/13/2016,28.68269157
6/14/2016,29.2692318
6/15/2016,29.41346169
6/16/2016,29.46153831
6/17/2016,29.42307663
6/20/2016,29.6442318
6/21/2016,29.75
6/22/2016,29.59615326
6/23/2016,29.99038506
6/24/2016,28.67307663
6/27/2016,28.19230843
6/28/2016,28.78846169
6/29/2016,29.375
6/30/2016,30.2692318
7/1/2016,30.27884674
7/5/2016,30.24038506
7/6/2016,30.5192318
7/7/2016,30.59615326
7/8/2016,30.96153831
7/11/2016,30.97115326
7/12/2016,31.0192318
7/13/2016,31.11538506
7/14/2016,31.375
7/15/2016,31.61538506
7/18/2016,31.6442318
7/19/2016,31.66346169
7/20/2016,31.5192318
7/21/2016,31.33653831
7/22/2016,30.82692337
7/25/2016,30.42307663
7/26/2016,30.25961494
7/27/2016,30.07692337
7/28/2016,30.04807663
7/29/2016,29.94230843
8/1/2016,29.95192337
8/2/2016,29.8557682
8/3/2016,29.93269157
8/4/2016,29.97115326
8/5/2016,30.07692337
8/8/2016,30.06730843
8/9/2016,30.09615326
8/10/2016,30.06730843
8/11/2016,30.08653831
8/12/2016,30.03846169
8/15/2016,30.03846169
8/16/2016,29.99038506
8/17/2016,30.08653831
8/18/2016,30.22115326
8/19/2016,30.04807663
8/22/2016,30.11538506
8/23/2016,30.02884674
8/24/2016,30.0192318
8/25/2016,30.00961494
8/26/2016,30.02884674
8/29/2016,30.15384674
8/30/2016,30.16346169
8/31/2016,30.03846169
9/1/2016,30
9/2/2016,30.08653831
9/6/2016,29.8557682
9/7/2016,29.86538506
9/8/2016,29.84615326
9/9/2016,28.95192337
9/12/2016,29.31730843
9/13/2016,28.70192337
9/14/2016,28.55769157
9/15/2016,28.6057682
9/16/2016,28.53846169
9/19/2016,28.29807663
9/20/2016,28.52884674
9/21/2016,28.70192337
9/22/2016,28.88461494
9/23/2016,28.74038506
9/26/2016,28.40384674
9/27/2016,28.7307682
9/28/2016,28.75
9/29/2016,28.3942318
9/30/2016,28.4807682
10/3/2016,28.5
10/4/2016,28.36538506
10/5/2016,28.36538506
10/6/2016,28.1442318
10/7/2016,27.96153831
10/10/2016,27.75
10/11/2016,27.80769157
10/12/2016,27.78846169
10/13/2016,27.66346169
10/14/2016,27.77884674
10/17/2016,27.74038506
10/18/2016,27.86538506
10/19/2016,27.94230843
10/20/2016,27.95192337
10/21/2016,27.86538506
10/24/2016,27.80769157
10/25/2016,27.54807663
10/26/2016,27.75961494
10/27/2016,27.52884674
10/28/2016,28.09615326
10/31/2016,27.9807682
11/1/2016,27.7692318
11/2/2016,27.3942318
11/3/2016,27.19230843
11/4/2016,27.34615326
11/7/2016,28.18269157
11/8/2016,28.28846169
11/9/2016,28.49038506
11/10/2016,29.24038506
11/11/2016,29.52884674
11/14/2016,29.33653831
11/15/2016,29.56730843
11/16/2016,29.55769157
11/17/2016,29.6057682
11/18/2016,29.49038506
11/21/2016,29.68269157
11/22/2016,29.9807682
11/23/2016,30.13461494
11/25/2016,30.2307682
11/28/2016,30.04807663
11/29/2016,29.8557682
11/30/2016,29.57692337
12/1/2016,30.18269157
12/2/2016,30.13461494
12/5/2016,29.91346169
12/6/2016,29.97115326
12/7/2016,30.38461494
12/8/2016,30.31730843
12/9/2016,30.55769157
12/12/2016,30.63461494
12/13/2016,30.5192318
12/14/2016,30.28846169
12/15/2016,30.05769157
12/16/2016,30.52884674
12/19/2016,30.69230843
12/20/2016,31.00961494
12/21/2016,30.8942318
12/22/2016,30.59615326
12/23/2016,30.65384674
12/27/2016,30.67307663
12/28/2016,30.4807682
12/29/2016,30.49038506
12/30/2016,30.38461494
1/3/2017,30.47115326
1/4/2017,30.4807682
1/5/2017,30.30769157
1/6/2017,30.3942318
1/9/2017,30.25
1/10/2017,30.16346169
1/11/2017,30.25961494
1/12/2017,30.18269157
1/13/2017,30.15384674
1/17/2017,30.06730843
1/18/2017,30.02884674
1/19/2017,30.00961494
1/20/2017,29.3557682
1/23/2017,28.6057682
1/24/2017,28.84615326
1/25/2017,29.20192337
1/26/2017,29.15384674
1/27/2017,28.8557682
1/30/2017,28.80769157
1/31/2017,28.55769157
2/1/2017,28.54807663
2/2/2017,28.53846169
2/3/2017,28.55769157
2/6/2017,28.5192318
2/7/2017,28.42307663
2/8/2017,28.29807663
2/9/2017,28.45192337
2/10/2017,28.57692337
2/13/2017,28.88461494
2/14/2017,29.11538506
2/15/2017,29.18269157
2/16/2017,29.27884674
2/17/2017,29.20192337
2/21/2017,29.34615326
2/22/2017,29.16346169
2/23/2017,28.86538506
2/24/2017,29.02884674
2/27/2017,28.78846169
2/28/2017,28.66346169
3/1/2017,29.02884674
3/2/2017,29.02884674
3/3/2017,28.96153831
3/6/2017,28.84615326
3/7/2017,28.71153831
3/8/2017,28.65384674
3/9/2017,28.5192318
3/10/2017,29.11538506
3/13/2017,28.71153831
3/14/2017,28.40384674
3/15/2017,28.61538506
3/16/2017,28.6057682
3/17/2017,28.7307682
3/20/2017,28.59615326
3/21/2017,28.25961494
3/22/2017,28.3942318
3/23/2017,28.4807682
3/24/2017,28.57692337
3/27/2017,28.30769157
3/28/2017,28.4807682
3/29/2017,28.53846169
3/30/2017,28.72115326
3/31/2017,28.65384674
4/3/2017,28.7307682
4/4/2017,28.86538506
4/5/2017,28.81730843
4/6/2017,28.77884674
4/7/2017,28.83653831
4/10/2017,28.8557682
4/11/2017,28.88461494
4/12/2017,28.625
4/13/2017,28.42307663
4/17/2017,28.5
4/18/2017,28.69230843
4/19/2017,28.84615326
4/20/2017,29.1057682
4/21/2017,28.41346169
4/24/2017,28.41346169
4/25/2017,28.31730843
4/26/2017,28.13461494
4/27/2017,27.96153831
4/28/2017,27.875
5/1/2017,27.82692337
5/2/2017,27.875
5/3/2017,28.1057682
5/4/2017,28.07692337
5/5/2017,28.09615326
5/8/2017,27.95192337
5/9/2017,27.81730843
5/10/2017,27.59615326
5/11/2017,27.75961494
5/12/2017,27.18269157
5/15/2017,27.09615326
5/16/2017,26.96153831
5/17/2017,26.3557682
5/18/2017,26.42307663
5/19/2017,26.97115326
5/22/2017,27.09615326
5/23/2017,27.19230843
5/24/2017,26.75961494
5/25/2017,26.43269157
5/26/2017,26.3942318
5/30/2017,26.30769157
5/31/2017,26.32692337
6/1/2017,26.65384674
6/2/2017,26.80769157
6/5/2017,26.90384674
6/6/2017,26.8557682
6/7/2017,26.61538506
6/8/2017,26.52884674
6/9/2017,26.86538506
6/12/2017,27.82692337
6/13/2017,27.3557682
6/14/2017,27.58653831
6/15/2017,27.82692337
6/16/2017,27.88461494
6/19/2017,27.69230843
6/20/2017,27.04807663
6/21/2017,26.71153831
6/22/2017,26.49038506
6/23/2017,26.50961494
6/26/2017,26.54807663
6/27/2017,26.16346169
6/28/2017,26.03846169
6/29/2017,25.9807682
6/30/2017,25.97115326
7/3/2017,26.3942318
7/5/2017,26.29807663
7/6/2017,25.29807663
7/7/2017,25.1442318
7/10/2017,25.03846169
7/11/2017,25.36538506
7/12/2017,25.55769157
7/13/2017,25.75961494
7/14/2017,25.75
7/17/2017,25.78846169
7/18/2017,25.8557682
7/19/2017,25.90384674
7/20/2017,25.66346169
7/21/2017,24.91346169
7/24/2017,24.45192337
7/25/2017,24.46153831
7/26/2017,24.6057682
7/27/2017,24.79807663
7/28/2017,24.54807663
7/31/2017,24.625
8/1/2017,24.46153831
8/2/2017,24.53846169
8/3/2017,24.7692318
8/4/2017,24.78846169
8/7/2017,24.6442318
8/8/2017,24.57692337
8/9/2017,24.72115326
8/10/2017,24.32692337
8/11/2017,24.2307682
8/14/2017,24.38461494
8/15/2017,24.17307663
8/16/2017,24.13461494
8/17/2017,23.79807663
8/18/2017,23.6057682
8/21/2017,23.54807663
8/22/2017,23.65384674
8/23/2017,23.45192337
8/24/2017,23.36538506
8/25/2017,23.54807663
8/28/2017,23.52884674
8/29/2017,23.5
8/30/2017,23.34615326
8/31/2017,23.6057682
9/1/2017,24.17307663
9/5/2017,23.79807663
9/6/2017,23.96153831
9/7/2017,23.09615326
9/8/2017,22.90384674
9/11/2017,22.80769157
9/12/2017,22.99038506
9/13/2017,23.18269157
9/14/2017,23.32692337
9/15/2017,23.00961494
9/18/2017,23.5192318
9/19/2017,23.2692318
9/20/2017,23.38461494
9/21/2017,23.79807663
9/22/2017,23.91346169
9/25/2017,24.1442318
9/26/2017,23.97115326
9/27/2017,23.43269157
9/28/2017,23.30769157
9/29/2017,23.25
10/2/2017,23.625
10/3/2017,23.84615326
10/4/2017,23.53846169
10/5/2017,23.59615326
10/6/2017,23.45192337
10/9/2017,22.52884674
10/10/2017,22.46153831
10/11/2017,22.18269157
10/12/2017,22.16346169
10/13/2017,22.09615326
10/16/2017,22.46153831
10/17/2017,22.29807663
10/18/2017,22.2307682
10/19/2017,22.67307663
10/20/2017,22.91346169
10/23/2017,21.46153831
10/24/2017,21.04807663
10/25/2017,20.67307663
10/26/2017,20.5
10/27/2017,19.99038506
10/30/2017,19.625
10/31/2017,19.38461494
11/1/2017,19.25
11/2/2017,19.17307663
11/3/2017,19.36538506
11/6/2017,19.3557682
11/7/2017,19.43269157
11/8/2017,19.34615326
11/9/2017,19.22115326
11/10/2017,19.70192337
11/13/2017,18.28846169
11/14/2017,17.21153831
11/15/2017,17.55769157
11/16/2017,17.54807663
11/17/2017,17.50961494
11/20/2017,17.28846169
11/21/2017,17.1442318
11/22/2017,17.45192337
11/24/2017,17.49038506
11/27/2017,17.42307663
11/28/2017,17.70192337
11/29/2017,17.7692318
11/30/2017,17.58653831
12/1/2017,17.19230843
12/4/2017,17.25961494
12/5/2017,17.07692337
12/6/2017,16.9807682
12/7/2017,17.02884674
12/8/2017,17.02884674
12/11/2017,16.97115326
12/12/2017,17.22115326
12/13/2017,17.07692337
12/14/2017,16.96153831
12/15/2017,17.13461494
12/18/2017,17.07692337
12/19/2017,16.91346169
12/20/2017,16.77884674
12/21/2017,16.79807663
12/22/2017,16.82692337
12/26/2017,16.75961494
12/27/2017,16.71153831
12/28/2017,16.69230843
12/29/2017,16.77884674
1/2/2018,17.28846169
1/3/2018,17.45192337
1/4/2018,17.81730843
1/5/2018,17.82692337
1/8/2018,17.57692337
1/9/2018,17.84615326
1/10/2018,18.20192337
1/11/2018,18.28846169
1/12/2018,18.03846169
1/16/2018,17.50961494
1/17/2018,16.68269157
1/18/2018,16.125
1/19/2018,15.63461494
1/22/2018,15.54807663
1/23/2018,16.24038506
1/24/2018,15.80769157
1/25/2018,15.55769157
1/26/2018,15.50961494
1/29/2018,15.65384579
1/30/2018,15.33653831
1/31/2018,15.54807663
2/1/2018,15.40384579
2/2/2018,15.03846169
2/5/2018,14.33653831
2/6/2018,14.68269157
2/7/2018,14.66346169
2/8/2018,13.89423084
2/9/2018,14.36538506
2/12/2018,14.25
2/13/2018,14.10576916
2/14/2018,14.32692337
2/15/2018,14.27884579
2/16/2018,14.47115421
2/20/2018,14.17307663
2/21/2018,13.93269157
2/22/2018,14.05769157
2/23/2018,13.93269157
2/26/2018,14.08653831
2/27/2018,13.94230843
2/28/2018,13.56730843
3/1/2018,13.48076916
3/2/2018,13.57692337
3/5/2018,13.86538506
3/6/2018,14.07692337
3/7/2018,13.95192337
3/8/2018,13.96153831
3/9/2018,14.36538506
3/12/2018,14.51923084
3/13/2018,13.875
3/14/2018,13.72115421
3/15/2018,13.80769157
3/16/2018,13.75961494
3/19/2018,13.52884579
3/20/2018,13.11538506
3/21/2018,13.34615421
3/22/2018,12.83653831
3/23/2018,12.56730843
3/26/2018,12.39423084
3/27/2018,12.92307663
3/28/2018,13.15384579
3/29/2018,12.96153831
4/2/2018,12.61538506
4/3/2018,12.625
4/4/2018,12.76923084
4/5/2018,12.91346169
4/6/2018,12.55769157
4/9/2018,12.33653831
4/10/2018,12.54807663
4/11/2018,12.47115421
4/12/2018,12.67307663
4/13/2018,12.97115421
4/16/2018,12.81730843
4/17/2018,13.25961494
4/18/2018,13.13461494
4/19/2018,13.45192337
4/20/2018,13.98076916
4/23/2018,13.96153831
4/24/2018,14.11538506
4/25/2018,13.50961494
4/26/2018,13.82692337
4/27/2018,13.82692337
4/30/2018,13.52884579
5/1/2018,13.50961494
5/2/2018,13.63461494
5/3/2018,13.39423084
5/4/2018,13.55769157
5/7/2018,13.52884579
5/8/2018,13.72115421
5/9/2018,14.05769157
5/10/2018,14.125
5/11/2018,14.03846169
5/14/2018,14.14423084
5/15/2018,14.14423084
5/16/2018,14.45192337
5/17/2018,14.45192337
5/18/2018,14.39423084
5/21/2018,14.67307663
5/22/2018,14.70192337
5/23/2018,13.63461494
5/24/2018,14.03846169
5/25/2018,14.06730843
5/29/2018,13.63461494
5/30/2018,13.625
5/31/2018,13.53846169
6/1/2018,13.55769157
6/4/2018,13.18269157
6/5/2018,13.26923084
6/6/2018,13.11538506
6/7/2018,13.25
6/8/2018,13.39423084
6/11/2018,13.44230843
6/12/2018,13.44230843
6/13/2018,13.35576916
6/14/2018,13.11538506
6/15/2018,12.78846169
6/18/2018,12.69230843
6/19/2018,12.45192337
6/20/2018,12.38461494
6/21/2018,12.26923084
6/22/2018,12.54807663
6/25/2018,12.25961494
6/26/2018,13.21153831
6/27/2018,13.42307663
6/28/2018,13.29807663
6/29/2018,13.08653831
7/2/2018,12.85576916
7/3/2018,12.85576916
7/5/2018,12.91346169
7/6/2018,13.31730843
7/9/2018,13.41346169
7/10/2018,13.625
7/11/2018,13.45192337
7/12/2018,13.45192337
7/13/2018,13.35576916
7/16/2018,13.36538506
7/17/2018,13.16346169
7/18/2018,13.22115421
7/19/2018,13.20192337
7/20/2018,12.61538506
7/23/2018,12.49038506
7/24/2018,12.61538506
7/25/2018,12.60576916
7/26/2018,12.64423084
7/27/2018,12.55769157
7/30/2018,12.65384579
7/31/2018,13.10576916
8/1/2018,12.73076916
8/2/2018,12.66346169
8/3/2018,12.63461494
8/6/2018,12.59615421
8/7/2018,12.65384579
8/8/2018,12.54807663
8/9/2018,12.44230843
8/10/2018,12.27884579
8/13/2018,11.97115421
8/14/2018,11.875
8/15/2018,11.75
8/16/2018,11.82692337
8/17/2018,11.82692337
8/20/2018,11.82692337
8/21/2018,12.14423084
8/22/2018,11.99038506
8/23/2018,12.05769157
8/24/2018,12.01923084
8/27/2018,12.27884579
8/28/2018,12.26923084
8/29/2018,12.47115421
8/30/2018,12.27884579
8/31/2018,12.44230843
9/4/2018,12.18269157
9/5/2018,12.07692337
9/6/2018,12.02884579
9/7/2018,11.92307663
9/10/2018,12.02884579
9/11/2018,11.85576916
9/12/2018,12.125
9/13/2018,12.22115421
9/14/2018,12.19230843
9/17/2018,12.21153831
9/18/2018,12.17307663
9/19/2018,12.36538506
9/20/2018,11.98076916
9/21/2018,11.70192337
9/24/2018,11.28846169
9/25/2018,10.83653831
9/26/2018,10.95192337
9/27/2018,11.08653831
9/28/2018,10.85576916
10/1/2018,11.625
10/2/2018,11.84615421
10/3/2018,12
10/4/2018,12.17307663
10/5/2018,12.67307663
10/8/2018,13.08653831
10/9/2018,13.02884579
10/10/2018,12.76923084
10/11/2018,12.23076916
10/12/2018,11.84615421
10/15/2018,11.68269157
10/16/2018,11.63461494
10/17/2018,11.72115421
10/18/2018,11.90384579
10/19/2018,12.07692337
10/22/2018,11.90384579
10/23/2018,12.20192337
10/24/2018,11.70192337
10/25/2018,11.34615421
10/26/2018,10.86538506
10/29/2018,10.73076916
10/30/2018,9.788461685
10/31/2018,9.711538315
11/1/2018,9.211538315
11/2/2018,8.932691574
11/5/2018,8.92307663
11/6/2018,9.057691574
11/7/2018,8.846154213
11/8/2018,8.75
11/9/2018,8.25
11/12/2018,7.682692051
11/13/2018,8.278845787
11/14/2018,8
11/15/2018,7.855769157
11/16/2018,7.711537838
11/19/2018,7.538462162
11/20/2018,7.355769157
11/21/2018,7.509614944
11/23/2018,7.278845787
11/26/2018,7.288462162
11/27/2018,7.153845787
11/28/2018,7.442307949
11/29/2018,7.634614944
11/30/2018,7.211537838
12/3/2018,7.509614944
12/4/2018,7
12/6/2018,7.067307949
12/7/2018,6.740385056
12/10/2018,6.663462162
12/11/2018,6.5
12/12/2018,6.451922894
12/13/2018,6.923077106
12/14/2018,6.826922894
12/17/2018,6.875
12/18/2018,7
12/19/2018,7.365385056
12/20/2018,7.153845787
12/21/2018,6.875
12/24/2018,6.653845787
12/26/2018,7.105769157
12/27/2018,6.990385056
12/28/2018,7.221154213
12/31/2018,7.278845787
1/2/2019,7.740385056
1/3/2019,7.75
1/4/2019,7.913462162
1/7/2019,8.403845787
1/8/2019,8.230769157
1/9/2019,8.17307663
1/10/2019,8.596154213
1/11/2019,8.596154213
1/14/2019,8.557691574
1/15/2019,8.394230843
1/16/2019,8.634614944
1/17/2019,8.788461685
1/18/2019,8.711538315
1/22/2019,8.32692337
1/23/2019,8.394230843
1/24/2019,8.442308426
1/25/2019,8.807691574
1/28/2019,8.586538315
1/29/2019,8.557691574
1/30/2019,8.75
1/31/2019,9.769230843
2/1/2019,9.79807663
2/4/2019,9.817308426
2/5/2019,10.22115421
2/6/2019,10.06730843
2/7/2019,9.67307663
2/8/2019,9.432691574
2/11/2019,9.644230843
2/12/2019,9.596154213
2/13/2019,9.971154213
2/14/2019,9.653845787
2/15/2019,9.70192337
2/19/2019,9.740385056
2/20/2019,9.711538315
2/21/2019,9.644230843
2/22/2019,9.778845787
2/25/2019,10.40384579
2/26/2019,10.65999985
2/27/2019,10.88000011
2/28/2019,10.39000034
3/1/2019,10.27000046
3/4/2019,10.38000011
3/5/2019,9.890000343
3/6/2019,9.109999657
3/7/2019,9.449999809
3/8/2019,9.579999924
3/11/2019,9.899999619
3/12/2019,9.760000229
3/13/2019,10.02000046
3/14/2019,10.30000019
3/15/2019,9.960000038
3/18/2019,10.19999981
3/19/2019,10.18999958
3/20/2019,10.22000027
3/21/2019,10.27000046
3/22/2019,9.979999542
3/25/2019,9.880000114
3/26/2019,10.10000038
3/27/2019,9.960000038
3/28/2019,9.890000343
3/29/2019,9.989999771
4/1/2019,10.10000038
4/2/2019,10.23999977
4/3/2019,10.10000038
4/4/2019,10.02999973
4/5/2019,10.01000023
4/8/2019,9.489999771
4/9/2019,9.220000267
4/10/2019,9.159999847
4/11/2019,9.119999886
4/12/2019,9
4/15/2019,8.979999542
4/16/2019,9.140000343
4/17/2019,9.119999886
4/18/2019,9.350000381
4/22/2019,9.319999695
4/23/2019,9.329999924
4/24/2019,9.319999695
4/25/2019,9.119999886
4/26/2019,9.569999695
4/29/2019,9.729999542
4/30/2019,10.17000008
5/1/2019,10.10000038
5/2/2019,10.25
5/3/2019,10.5
5/6/2019,10.43000031
5/7/2019,10.10999966
5/8/2019,10.15999985
5/9/2019,10.03999996
5/10/2019,10.13000011
5/13/2019,9.869999886
5/14/2019,10.31999969
5/15/2019,10.26000023
5/16/2019,10.13000011
5/17/2019,10
5/20/2019,9.880000114
5/21/2019,9.960000038
5/22/2019,9.899999619
5/23/2019,9.56000042
5/24/2019,9.449999809
5/28/2019,9.359999657
5/29/2019,9.369999886
5/30/2019,9.470000267
5/31/2019,9.43999958
6/3/2019,9.529999733
6/4/2019,10
6/5/2019,9.890000343
6/6/2019,9.920000076
6/7/2019,9.979999542
6/10/2019,10.05000019
6/11/2019,10.11999989
6/12/2019,10.27999973
6/13/2019,10.31000042
6/14/2019,10.22999954
6/17/2019,10.05000019
6/18/2019,10.42000008
6/19/2019,10.34000015
6/20/2019,10.63000011
6/21/2019,10.47999954
6/24/2019,10.27999973
6/25/2019,10.22000027
6/26/2019,10.27000046
6/27/2019,10.39999962
6/28/2019,10.5
7/1/2019,10.63000011
7/2/2019,10.61999989
7/3/2019,10.60999966
7/5/2019,10.5
7/8/2019,10.19999981
7/9/2019,10.25
7/10/2019,10.19999981
7/11/2019,10.10999966
7/12/2019,10.36999989
7/15/2019,10.27000046
7/16/2019,10.38000011
7/17/2019,9.979999542
7/18/2019,10.06000042
7/19/2019,10.03999996
7/22/2019,10.21000004
7/23/2019,10.64999962
7/24/2019,10.68000031
7/25/2019,10.43000031
7/26/2019,10.51000023
7/29/2019,10.38000011
7/30/2019,10.52000046
7/31/2019,10.44999981
8/1/2019,10.07999992
8/2/2019,10
8/5/2019,9.659999847
8/6/2019,9.569999695
8/7/2019,9.460000038
8/8/2019,9.489999771
8/9/2019,9.149999619
8/12/2019,9.050000191
8/13/2019,9.350000381
8/14/2019,9.029999733
8/15/2019,8.010000229
8/16/2019,8.789999962
8/19/2019,8.670000076
8/20/2019,8.380000114
8/21/2019,8.159999847
8/22/2019,8.18999958
8/23/2019,7.96999979
8/26/2019,8.050000191
8/27/2019,7.929999828
8/28/2019,7.940000057
8/29/2019,8.109999657
8/30/2019,8.25
9/3/2019,8.329999924
9/4/2019,8.800000191
9/5/2019,8.81000042
9/6/2019,8.710000038
9/9/2019,8.960000038
9/10/2019,9.140000343
9/11/2019,9.359999657
9/12/2019,9.260000229
9/13/2019,9.340000153
9/16/2019,9.380000114
9/17/2019,9.359999657
9/18/2019,9.380000114
9/19/2019,9.420000076
9/20/2019,9.369999886
9/23/2019,9.340000153
9/24/2019,8.970000267
9/25/2019,9.159999847
9/26/2019,9.020000458
9/27/2019,9.039999962
9/30/2019,8.93999958
10/1/2019,8.609999657
10/2/2019,8.510000229
10/3/2019,8.710000038
10/4/2019,8.569999695
10/7/2019,8.56000042
10/8/2019,8.279999733
10/9/2019,8.350000381
10/10/2019,8.449999809
10/11/2019,8.800000191
10/14/2019,8.720000267
10/15/2019,8.890000343
10/16/2019,8.899999619
10/17/2019,9.039999962
10/18/2019,8.960000038
10/21/2019,8.789999962
10/22/2019,9.06000042
10/23/2019,9.140000343
10/24/2019,8.949999809
10/25/2019,9
10/28/2019,9.069999695
10/29/2019,9.069999695
10/30/2019,10.10999966
10/31/2019,9.979999542
11/1/2019,10.38000011
11/4/2019,10.93000031
11/5/2019,10.97000027
11/6/2019,11.02000046
11/7/2019,11.28999996
11/8/2019,11.52000046
11/11/2019,11.35000038
11/12/2019,11.42000008
11/13/2019,11.28999996
11/14/2019,11.28999996
11/15/2019,11.52000046
11/18/2019,11.43999958
11/19/2019,11.5
11/20/2019,11.39000034
11/21/2019,11.52999973
11/22/2019,11.55000019
11/25/2019,11.57999992
11/26/2019,11.35000038
11/27/2019,11.28999996
11/29/2019,11.27000046
12/2/2019,11.15999985
12/3/2019,10.98999977
